% # columns="iteration, evaluation, min max(neg(.)) min(pos(.)) max correlation, correlation matrix principal axes lengths  (sorted square roots of eigenvalues of correlation matrix)", seed=42, Mon Dec 16 20:17:58 2024
1 6 0.24865453213933078 0.24865453213933078 0.24865453213933078 0.24865453213933078 0.866801861938857 1.1174321152263929
2 12 0.24865453213933078 0.24865453213933078 0.24865453213933078 0.24865453213933078 0.866801861938857 1.1174321152263929
3 18 0.4496507844081176 0.4496507844081176 0.4496507844081176 0.4496507844081176 0.7418552524528503 1.204014445265553
4 24 0.4496507844081176 0.4496507844081176 0.4496507844081176 0.4496507844081176 0.7418552524528503 1.204014445265553
5 30 0.5048250102560553 0.5048250102560553 0.5048250102560553 0.5048250102560553 0.7036867127805844 1.2267130920700466
6 36 0.5048250102560553 0.5048250102560553 0.5048250102560553 0.5048250102560553 0.7036867127805844 1.2267130920700466
7 42 0.5620559886025457 0.5620559886025457 0.5620559886025457 0.5620559886025457 0.6617733837179115 1.2498223828218735
8 48 0.5620559886025457 0.5620559886025457 0.5620559886025457 0.5620559886025457 0.6617733837179115 1.2498223828218735
9 54 0.43588831904868663 0.43588831904868663 0.43588831904868663 0.43588831904868663 0.7510736854339349 1.1982855749147139
10 60 0.43588831904868663 0.43588831904868663 0.43588831904868663 0.43588831904868663 0.7510736854339349 1.1982855749147139
11 66 0.1999223119008504 0.1999223119008504 0.1999223119008504 0.1999223119008504 0.894470618913304 1.0954096548327708
12 72 0.1999223119008504 0.1999223119008504 0.1999223119008504 0.1999223119008504 0.894470618913304 1.0954096548327708
13 78 0.24013793431537803 0.24013793431537803 0.24013793431537803 0.24013793431537803 0.8717006743628354 1.1136148051796806
14 84 0.24013793431537803 0.24013793431537803 0.24013793431537803 0.24013793431537803 0.8717006743628354 1.1136148051796806
15 90 0.359998985704793 0.359998985704793 0.359998985704793 0.359998985704793 0.8000006339342532 1.1661899440934966
16 96 0.359998985704793 0.359998985704793 0.359998985704793 0.359998985704793 0.8000006339342532 1.1661899440934966
17 102 0.3936483566314112 0.3936483566314112 0.3936483566314112 0.3936483566314112 0.7786858438218772 1.1805288461665862
18 108 0.3936483566314112 0.3936483566314112 0.3936483566314112 0.3936483566314112 0.7786858438218772 1.1805288461665862
19 114 0.237463532067461 0.237463532067461 0.237463532067461 0.237463532067461 0.873233341056409 1.1124133818268553
20 120 0.237463532067461 0.237463532067461 0.237463532067461 0.237463532067461 0.873233341056409 1.1124133818268553
21 126 -0.08916471766582744 -0.08916471766582744 -0.08916471766582744 -0.08916471766582744 0.9543769079007374 1.04363054653734
22 132 -0.08916471766582744 -0.08916471766582744 -0.08916471766582744 -0.08916471766582744 0.9543769079007374 1.04363054653734
23 138 -0.14023886343974892 -0.14023886343974892 -0.14023886343974892 -0.14023886343974892 0.9272330540701462 1.0678196773986461
24 144 -0.14023886343974892 -0.14023886343974892 -0.14023886343974892 -0.14023886343974892 0.9272330540701462 1.0678196773986461
25 150 -0.15656002811809885 -0.15656002811809885 -0.15656002811809885 -0.15656002811809885 0.918389880106429 1.0754348088648138
26 156 -0.15656002811809885 -0.15656002811809885 -0.15656002811809885 -0.15656002811809885 0.918389880106429 1.0754348088648138
27 162 -0.18009273285457483 -0.18009273285457483 -0.18009273285457483 -0.18009273285457483 0.9054873092127935 1.0863207320375392
28 168 -0.18009273285457483 -0.18009273285457483 -0.18009273285457483 -0.18009273285457483 0.9054873092127935 1.0863207320375392
29 174 -0.15058401744552818 -0.15058401744552818 -0.15058401744552818 -0.15058401744552818 0.9216376633767047 1.0726527944519273
30 180 -0.15058401744552818 -0.15058401744552818 -0.15058401744552818 -0.15058401744552818 0.9216376633767047 1.0726527944519273
31 186 -0.16881303168499845 -0.16881303168499845 -0.16881303168499845 -0.16881303168499845 0.9116945586735733 1.0811165671124454
32 192 -0.16881303168499845 -0.16881303168499845 -0.16881303168499845 -0.16881303168499845 0.9116945586735733 1.0811165671124454
33 198 0.09819991566178818 0.09819991566178818 0.09819991566178818 0.09819991566178818 0.9496315518864207 1.0479503402651236
34 204 0.09819991566178818 0.09819991566178818 0.09819991566178818 0.09819991566178818 0.9496315518864207 1.0479503402651236
35 210 -0.16666862902531254 -0.16666862902531254 -0.16666862902531254 -0.16666862902531254 0.9128698543465479 1.0801243581298001
36 216 -0.16666862902531254 -0.16666862902531254 -0.16666862902531254 -0.16666862902531254 0.9128698543465479 1.0801243581298001
37 222 0.18889868869405052 0.18889868869405052 0.18889868869405052 0.18889868869405052 0.9006116317847274 1.09036630940893
38 228 0.18889868869405052 0.18889868869405052 0.18889868869405052 0.18889868869405052 0.9006116317847274 1.09036630940893
39 234 0.19033209928133035 0.19033209928133035 0.19033209928133035 0.19033209928133035 0.899815481484215 1.0910234183010603
40 240 0.19033209928133035 0.19033209928133035 0.19033209928133035 0.19033209928133035 0.899815481484215 1.0910234183010603
41 246 0.16784509711726067 0.16784509711726067 0.16784509711726067 0.16784509711726067 0.9122252478871319 1.0806688193508966
42 252 0.16784509711726067 0.16784509711726067 0.16784509711726067 0.16784509711726067 0.9122252478871319 1.0806688193508966
43 258 -0.3356375794372336 -0.3356375794372336 -0.3356375794372336 -0.3356375794372336 0.8150843027336292 1.155697875500874
44 264 -0.3356375794372336 -0.3356375794372336 -0.3356375794372336 -0.3356375794372336 0.8150843027336292 1.155697875500874
45 270 -0.07632997320803969 -0.07632997320803969 -0.07632997320803969 -0.07632997320803969 0.9610775342249762 1.0374632394490129
46 276 -0.07632997320803969 -0.07632997320803969 -0.07632997320803969 -0.07632997320803969 0.9610775342249762 1.0374632394490129
47 282 -0.299480551386321 -0.299480551386321 -0.299480551386321 -0.299480551386321 0.8369703988873676 1.1399476090532938
48 288 -0.299480551386321 -0.299480551386321 -0.299480551386321 -0.299480551386321 0.8369703988873676 1.1399476090532938
49 294 -0.15771556530102648 -0.15771556530102648 -0.15771556530102648 -0.15771556530102648 0.9177605541201767 1.0759719165949577
50 300 -0.15771556530102648 -0.15771556530102648 -0.15771556530102648 -0.15771556530102648 0.9177605541201767 1.0759719165949577
51 306 -0.02790940247701312 -0.02790940247701312 -0.02790940247701312 -0.02790940247701312 0.9859465490192594 1.0138586698731795
52 312 -0.02790940247701312 -0.02790940247701312 -0.02790940247701312 -0.02790940247701312 0.9859465490192594 1.0138586698731795
53 318 -0.048182686935943 -0.048182686935943 -0.048182686935943 -0.048182686935943 0.9756112509929644 1.023807934593175
54 324 -0.048182686935943 -0.048182686935943 -0.048182686935943 -0.048182686935943 0.9756112509929644 1.023807934593175
55 330 -0.1500826964132721 -0.1500826964132721 -0.1500826964132721 -0.1500826964132721 0.9219095962114332 1.0724190861847211
56 336 -0.1500826964132721 -0.1500826964132721 -0.1500826964132721 -0.1500826964132721 0.9219095962114332 1.0724190861847211
57 342 -0.13648502716687894 -0.13648502716687894 -0.13648502716687894 -0.13648502716687894 0.9292550633884762 1.066060517591229
58 348 -0.13648502716687894 -0.13648502716687894 -0.13648502716687894 -0.13648502716687894 0.9292550633884762 1.066060517591229
59 354 -0.08847834446066137 -0.08847834446066137 -0.08847834446066137 -0.08847834446066137 0.9547364324981731 1.043301655543909
60 360 -0.08847834446066137 -0.08847834446066137 -0.08847834446066137 -0.08847834446066137 0.9547364324981731 1.043301655543909
61 366 -0.030081149199957767 -0.030081149199957767 -0.030081149199957767 -0.030081149199957767 0.9848445820534539 1.0149291350631124
62 372 -0.030081149199957767 -0.030081149199957767 -0.030081149199957767 -0.030081149199957767 0.9848445820534539 1.0149291350631124
63 378 -0.1772679022268061 -0.1772679022268061 -0.1772679022268061 -0.1772679022268061 0.9070458079795053 1.085019770431307
64 384 -0.1772679022268061 -0.1772679022268061 -0.1772679022268061 -0.1772679022268061 0.9070458079795053 1.085019770431307
65 390 -0.38530207731049354 -0.38530207731049354 -0.38530207731049354 -0.38530207731049354 0.7840267359532495 1.1769885629480406
66 396 -0.38530207731049354 -0.38530207731049354 -0.38530207731049354 -0.38530207731049354 0.7840267359532495 1.1769885629480406
67 402 -0.6010645146360823 -0.6010645146360823 -0.6010645146360823 -0.6010645146360823 0.6316133986576898 1.2653317804576327
68 408 -0.6010645146360823 -0.6010645146360823 -0.6010645146360823 -0.6010645146360823 0.6316133986576898 1.2653317804576327
69 414 -0.7071924270988696 -0.7071924270988696 -0.7071924270988696 -0.7071924270988696 0.5411169678555003 1.3065957397369967
70 420 -0.7071924270988696 -0.7071924270988696 -0.7071924270988696 -0.7071924270988696 0.5411169678555003 1.3065957397369967
71 426 -0.8490653111829392 -0.8490653111829392 -0.8490653111829392 -0.8490653111829392 0.3885031387480172 1.3598034090201934
72 432 -0.8490653111829392 -0.8490653111829392 -0.8490653111829392 -0.8490653111829392 0.3885031387480172 1.3598034090201934
73 438 -0.7482464340432194 -0.7482464340432194 -0.7482464340432194 -0.7482464340432194 0.5017505017005769 1.3222127037822695
74 444 -0.7482464340432194 -0.7482464340432194 -0.7482464340432194 -0.7482464340432194 0.5017505017005769 1.3222127037822695
75 450 -0.8724135678011758 -0.8724135678011758 -0.8724135678011758 -0.8724135678011758 0.35719243020929764 1.3683616363378417
76 456 -0.8724135678011758 -0.8724135678011758 -0.8724135678011758 -0.8724135678011758 0.35719243020929764 1.3683616363378417
77 462 -0.8738229386872397 -0.8738229386872397 -0.8738229386872397 -0.8738229386872397 0.3552141062975406 1.3688765242662466
78 468 -0.8738229386872397 -0.8738229386872397 -0.8738229386872397 -0.8738229386872397 0.3552141062975406 1.3688765242662466
79 474 -0.8123882124051791 -0.8123882124051791 -0.8123882124051791 -0.8123882124051791 0.43314176385430797 1.34624968427301
80 480 -0.8123882124051791 -0.8123882124051791 -0.8123882124051791 -0.8123882124051791 0.43314176385430797 1.34624968427301
81 486 -0.8686032220870771 -0.8686032220870771 -0.8686032220870771 -0.8686032220870771 0.36248693481686095 1.3669686251290032
82 492 -0.8686032220870771 -0.8686032220870771 -0.8686032220870771 -0.8686032220870771 0.36248693481686095 1.3669686251290032
83 498 -0.7812504305464743 -0.7812504305464743 -0.7812504305464743 -0.7812504305464743 0.4677067130729747 1.3346349428013917
84 504 -0.7812504305464743 -0.7812504305464743 -0.7812504305464743 -0.7812504305464743 0.4677067130729747 1.3346349428013917
85 510 -0.9030455797939441 -0.9030455797939441 -0.9030455797939441 -0.9030455797939441 0.31137504750068834 1.3795091807573967
86 516 -0.9030455797939441 -0.9030455797939441 -0.9030455797939441 -0.9030455797939441 0.31137504750068834 1.3795091807573967
87 522 -0.9516181563564043 -0.9516181563564043 -0.9516181563564043 -0.9516181563564043 0.21995873168300403 1.397003277145907
88 528 -0.9516181563564043 -0.9516181563564043 -0.9516181563564043 -0.9516181563564043 0.21995873168300403 1.397003277145907
89 534 -0.9554673762192987 -0.9554673762192987 -0.9554673762192987 -0.9554673762192987 0.21102754270639965 1.3983802688179272
90 540 -0.9554673762192987 -0.9554673762192987 -0.9554673762192987 -0.9554673762192987 0.21102754270639965 1.3983802688179272
91 546 -0.8966899643847348 -0.8966899643847348 -0.8966899643847348 -0.8966899643847348 0.3214187854112845 1.3772036757084025
92 552 -0.8966899643847348 -0.8966899643847348 -0.8966899643847348 -0.8966899643847348 0.3214187854112845 1.3772036757084025
93 558 -0.9031818789036422 -0.9031818789036422 -0.9031818789036422 -0.9031818789036422 0.31115610406411437 1.3795585811786473
94 564 -0.9031818789036422 -0.9031818789036422 -0.9031818789036422 -0.9031818789036422 0.31115610406411437 1.3795585811786473
95 570 -0.9433116263762754 -0.9433116263762754 -0.9433116263762754 -0.9433116263762754 0.2380932036487486 1.3940271254090701
96 576 -0.9433116263762754 -0.9433116263762754 -0.9433116263762754 -0.9433116263762754 0.2380932036487486 1.3940271254090701
97 582 -0.9604708269603877 -0.9604708269603877 -0.9604708269603877 -0.9604708269603877 0.19881944834349624 1.4001681423887589
98 588 -0.9604708269603877 -0.9604708269603877 -0.9604708269603877 -0.9604708269603877 0.19881944834349624 1.4001681423887589
99 594 -0.9634017996777869 -0.9634017996777869 -0.9634017996777869 -0.9634017996777869 0.19130656110602398 1.401214401752204
100 600 -0.9634017996777869 -0.9634017996777869 -0.9634017996777869 -0.9634017996777869 0.19130656110602398 1.401214401752204
101 606 -0.9828155615516425 -0.9828155615516425 -0.9828155615516425 -0.9828155615516425 0.13108942920143246 1.4081248387666636
102 612 -0.9828155615516425 -0.9828155615516425 -0.9828155615516425 -0.9828155615516425 0.13108942920143246 1.4081248387666636
103 618 -0.9812124556383223 -0.9812124556383223 -0.9812124556383223 -0.9812124556383223 0.13706766344283278 1.4075554893638553
104 624 -0.9812124556383223 -0.9812124556383223 -0.9812124556383223 -0.9812124556383223 0.13706766344283278 1.4075554893638553
105 630 -0.9702824386866278 -0.9702824386866278 -0.9702824386866278 -0.9702824386866278 0.17238782240451986 1.4036674957719253
106 636 -0.9702824386866278 -0.9702824386866278 -0.9702824386866278 -0.9702824386866278 0.17238782240451986 1.4036674957719253
107 642 -0.9744711774760749 -0.9744711774760749 -0.9744711774760749 -0.9744711774760749 0.15977741556279185 1.4051587730488235
108 648 -0.9744711774760749 -0.9744711774760749 -0.9744711774760749 -0.9744711774760749 0.15977741556279185 1.4051587730488235
109 654 -0.9497732476491998 -0.9497732476491998 -0.9497732476491998 -0.9497732476491998 0.22411325786485772 1.3963428116509211
110 660 -0.9497732476491998 -0.9497732476491998 -0.9497732476491998 -0.9497732476491998 0.22411325786485772 1.3963428116509211
111 666 -0.9319016360096458 -0.9319016360096458 -0.9319016360096458 -0.9319016360096458 0.26095663239387906 1.389928644215107
112 672 -0.9319016360096458 -0.9319016360096458 -0.9319016360096458 -0.9319016360096458 0.26095663239387906 1.389928644215107
113 678 -0.8738052223615544 -0.8738052223615544 -0.8738052223615544 -0.8738052223615544 0.3552390429533973 1.3688700531319817
114 684 -0.8738052223615544 -0.8738052223615544 -0.8738052223615544 -0.8738052223615544 0.3552390429533973 1.3688700531319817
115 690 -0.812034998014775 -0.812034998014775 -0.812034998014775 -0.812034998014775 0.43354930744406095 1.3461184933039048
116 696 -0.812034998014775 -0.812034998014775 -0.812034998014775 -0.812034998014775 0.43354930744406095 1.3461184933039048
117 702 -0.7441519162650911 -0.7441519162650911 -0.7441519162650911 -0.7441519162650911 0.5058142779073252 1.3206634379224296
118 708 -0.7441519162650911 -0.7441519162650911 -0.7441519162650911 -0.7441519162650911 0.5058142779073252 1.3206634379224296
119 714 -0.8365727271865389 -0.8365727271865389 -0.8365727271865389 -0.8365727271865389 0.40426139169287634 1.3552020982814847
120 720 -0.8365727271865389 -0.8365727271865389 -0.8365727271865389 -0.8365727271865389 0.40426139169287634 1.3552020982814847
121 726 -0.9028267666533261 -0.9028267666533261 -0.9028267666533261 -0.9028267666533261 0.31172621536642336 1.3794298701468393
122 732 -0.9028267666533261 -0.9028267666533261 -0.9028267666533261 -0.9028267666533261 0.31172621536642336 1.3794298701468393
123 738 -0.9119951607942095 -0.9119951607942095 -0.9119951607942095 -0.9119951607942095 0.2966560958513923 1.3827491315470821
124 744 -0.9119951607942095 -0.9119951607942095 -0.9119951607942095 -0.9119951607942095 0.2966560958513923 1.3827491315470821
125 750 -0.9528152747429435 -0.9528152747429435 -0.9528152747429435 -0.9528152747429435 0.21722045312782248 1.3974316708672891
126 756 -0.9528152747429435 -0.9528152747429435 -0.9528152747429435 -0.9528152747429435 0.21722045312782248 1.3974316708672891
127 762 -0.9539174355774966 -0.9539174355774966 -0.9539174355774966 -0.9539174355774966 0.2146684989058791 1.3978259675572982
128 768 -0.9539174355774966 -0.9539174355774966 -0.9539174355774966 -0.9539174355774966 0.2146684989058791 1.3978259675572982
129 774 -0.9906918023503694 -0.9906918023503694 -0.9906918023503694 -0.9906918023503694 0.09647900108122308 1.41091877950163
130 780 -0.9906918023503694 -0.9906918023503694 -0.9906918023503694 -0.9906918023503694 0.09647900108122308 1.41091877950163
131 786 -0.9945815822161793 -0.9945815822161793 -0.9945815822161793 -0.9945815822161793 0.07360990275649447 1.4122965631255282
132 792 -0.9945815822161793 -0.9945815822161793 -0.9945815822161793 -0.9945815822161793 0.07360990275649447 1.4122965631255282
133 798 -0.9909208932082968 -0.9909208932082968 -0.9909208932082968 -0.9909208932082968 0.09528434704453406 1.4109999621574398
134 804 -0.9909208932082968 -0.9909208932082968 -0.9909208932082968 -0.9909208932082968 0.09528434704453406 1.4109999621574398
135 810 -0.9936669472330046 -0.9936669472330046 -0.9936669472330046 -0.9936669472330046 0.07958047981129038 1.4119727147622239
136 816 -0.9936669472330046 -0.9936669472330046 -0.9936669472330046 -0.9936669472330046 0.07958047981129038 1.4119727147622239
137 822 -0.9890548263382247 -0.9890548263382247 -0.9890548263382247 -0.9890548263382247 0.1046191840045375 1.4103385502560102
138 828 -0.9890548263382247 -0.9890548263382247 -0.9890548263382247 -0.9890548263382247 0.1046191840045375 1.4103385502560102
139 834 -0.9784099413320722 -0.9784099413320722 -0.9784099413320722 -0.9784099413320722 0.14693555957605273 1.4065596117236099
140 840 -0.9784099413320722 -0.9784099413320722 -0.9784099413320722 -0.9784099413320722 0.14693555957605273 1.4065596117236099
141 846 -0.985414202195315 -0.985414202195315 -0.985414202195315 -0.985414202195315 0.12077167633466487 1.409047267551843
142 852 -0.985414202195315 -0.985414202195315 -0.985414202195315 -0.985414202195315 0.12077167633466487 1.409047267551843
143 858 -0.9905097339145055 -0.9905097339145055 -0.9905097339145055 -0.9905097339145055 0.09741799672285674 1.4108542567942677
144 864 -0.9905097339145055 -0.9905097339145055 -0.9905097339145055 -0.9905097339145055 0.09741799672285674 1.4108542567942677
145 870 -0.9919892375403423 -0.9919892375403423 -0.9919892375403423 -0.9919892375403423 0.08950286285732915 1.4113784884078198
146 876 -0.9919892375403423 -0.9919892375403423 -0.9919892375403423 -0.9919892375403423 0.08950286285732915 1.4113784884078198
147 882 -0.987410981274992 -0.987410981274992 -0.987410981274992 -0.987410981274992 0.11220079645442736 1.4097556459454212
148 888 -0.987410981274992 -0.987410981274992 -0.987410981274992 -0.987410981274992 0.11220079645442736 1.4097556459454212
149 894 -0.990404832643948 -0.990404832643948 -0.990404832643948 -0.990404832643948 0.09795492512401832 1.4108170797959414
150 900 -0.990404832643948 -0.990404832643948 -0.990404832643948 -0.990404832643948 0.09795492512401832 1.4108170797959414
151 906 -0.9822372071623822 -0.9822372071623822 -0.9822372071623822 -0.9822372071623822 0.13327712796131913 1.4079194604672465
152 912 -0.9822372071623822 -0.9822372071623822 -0.9822372071623822 -0.9822372071623822 0.13327712796131913 1.4079194604672465
153 918 -0.979478842345066 -0.979478842345066 -0.979478842345066 -0.979478842345066 0.1432520773145509 1.4069395304507817
154 924 -0.979478842345066 -0.979478842345066 -0.979478842345066 -0.979478842345066 0.1432520773145509 1.4069395304507817
155 930 -0.9737400735740116 -0.9737400735740116 -0.9737400735740116 -0.9737400735740116 0.16204914818038524 1.4048985990362477
156 936 -0.9737400735740116 -0.9737400735740116 -0.9737400735740116 -0.9737400735740116 0.16204914818038524 1.4048985990362477
157 942 -0.976841558753042 -0.976841558753042 -0.976841558753042 -0.976841558753042 0.15217897767746402 1.406001976795567
158 948 -0.976841558753042 -0.976841558753042 -0.976841558753042 -0.976841558753042 0.15217897767746402 1.406001976795567
159 954 -0.9605619104432843 -0.9605619104432843 -0.9605619104432843 -0.9605619104432843 0.19859025544249553 1.4002006679198822
160 960 -0.9605619104432843 -0.9605619104432843 -0.9605619104432843 -0.9605619104432843 0.19859025544249553 1.4002006679198822
161 966 -0.9579380409383086 -0.9579380409383086 -0.9579380409383086 -0.9579380409383086 0.20509012424222559 1.3992633922669129
162 972 -0.9579380409383086 -0.9579380409383086 -0.9579380409383086 -0.9579380409383086 0.20509012424222559 1.3992633922669129
163 978 -0.9744301715055482 -0.9744301715055482 -0.9744301715055482 -0.9744301715055482 0.15990568624802523 1.405144181749883
164 984 -0.9744301715055482 -0.9744301715055482 -0.9744301715055482 -0.9744301715055482 0.15990568624802523 1.405144181749883
165 990 -0.9728970055001419 -0.9728970055001419 -0.9728970055001419 -0.9728970055001419 0.16462987122590492 1.4045985211084846
166 996 -0.9728970055001419 -0.9728970055001419 -0.9728970055001419 -0.9728970055001419 0.16462987122590492 1.4045985211084846
167 1002 -0.9832520039766125 -0.9832520039766125 -0.9832520039766125 -0.9832520039766125 0.12941404878678145 1.4082798031558261
168 1008 -0.9832520039766125 -0.9832520039766125 -0.9832520039766125 -0.9832520039766125 0.12941404878678145 1.4082798031558261
169 1014 -0.9810102520133431 -0.9810102520133431 -0.9810102520133431 -0.9810102520133431 0.13780329454210077 1.4074836595901719
170 1020 -0.9810102520133431 -0.9810102520133431 -0.9810102520133431 -0.9810102520133431 0.13780329454210077 1.4074836595901719
171 1026 -0.9721907825922572 -0.9721907825922572 -0.9721907825922572 -0.9721907825922572 0.16676095888349587 1.404347101891928
172 1032 -0.9721907825922572 -0.9721907825922572 -0.9721907825922572 -0.9721907825922572 0.16676095888349587 1.404347101891928
173 1038 -0.9902513927630019 -0.9902513927630019 -0.9902513927630019 -0.9902513927630019 0.0987350355091753 1.410762698955073
174 1044 -0.9902513927630019 -0.9902513927630019 -0.9902513927630019 -0.9902513927630019 0.0987350355091753 1.410762698955073
175 1050 -0.992682361763113 -0.992682361763113 -0.992682361763113 -0.992682361763113 0.08554319515243144 1.4116240157220028
176 1056 -0.992682361763113 -0.992682361763113 -0.992682361763113 -0.992682361763113 0.08554319515243144 1.4116240157220028
177 1062 -0.9950348003907581 -0.9950348003907581 -0.9950348003907581 -0.9950348003907581 0.07046417252222516 1.4124570083336194
178 1068 -0.9950348003907581 -0.9950348003907581 -0.9950348003907581 -0.9950348003907581 0.07046417252222516 1.4124570083336194
179 1074 -0.9897467855504511 -0.9897467855504511 -0.9897467855504511 -0.9897467855504511 0.10125815744693839 1.4105838456293376
180 1080 -0.9897467855504511 -0.9897467855504511 -0.9897467855504511 -0.9897467855504511 0.10125815744693839 1.4105838456293376
181 1086 -0.9920650144869727 -0.9920650144869727 -0.9920650144869727 -0.9920650144869727 0.08907853564707639 1.4114053331651304
182 1092 -0.9920650144869727 -0.9920650144869727 -0.9920650144869727 -0.9920650144869727 0.08907853564707639 1.4114053331651304
183 1098 -0.984161151235611 -0.984161151235611 -0.984161151235611 -0.984161151235611 0.12585248811362082 1.4086025526157515
184 1104 -0.984161151235611 -0.984161151235611 -0.984161151235611 -0.984161151235611 0.12585248811362082 1.4086025526157515
185 1110 -0.9879286661994007 -0.9879286661994007 -0.9879286661994007 -0.9879286661994007 0.10986962182787072 1.409939242024067
186 1116 -0.9879286661994007 -0.9879286661994007 -0.9879286661994007 -0.9879286661994007 0.10986962182787072 1.409939242024067
187 1122 -0.9864751552600552 -0.9864751552600552 -0.9864751552600552 -0.9864751552600552 0.11629636597909898 1.4094236961467814
188 1128 -0.9864751552600552 -0.9864751552600552 -0.9864751552600552 -0.9864751552600552 0.11629636597909898 1.4094236961467814
189 1134 -0.9867026048624182 -0.9867026048624182 -0.9867026048624182 -0.9867026048624182 0.11531433188282217 1.4095043827042248
190 1140 -0.9867026048624182 -0.9867026048624182 -0.9867026048624182 -0.9867026048624182 0.11531433188282217 1.4095043827042248
191 1146 -0.9865367761029982 -0.9865367761029982 -0.9865367761029982 -0.9865367761029982 0.11603113330913269 1.4094455562748773
192 1152 -0.9865367761029982 -0.9865367761029982 -0.9865367761029982 -0.9865367761029982 0.11603113330913269 1.4094455562748773
193 1158 -0.9794686718930288 -0.9794686718930288 -0.9794686718930288 -0.9794686718930288 0.14328757136252723 1.4069359160576678
194 1164 -0.9794686718930288 -0.9794686718930288 -0.9794686718930288 -0.9794686718930288 0.14328757136252723 1.4069359160576678
195 1170 -0.9871927506998953 -0.9871927506998953 -0.9871927506998953 -0.9871927506998953 0.11316911813787739 1.4096782436782853
196 1176 -0.9871927506998953 -0.9871927506998953 -0.9871927506998953 -0.9871927506998953 0.11316911813787739 1.4096782436782853
197 1182 -0.9835027445428467 -0.9835027445428467 -0.9835027445428467 -0.9835027445428467 0.12844164222382592 1.4083688240453374
198 1188 -0.9835027445428467 -0.9835027445428467 -0.9835027445428467 -0.9835027445428467 0.12844164222382592 1.4083688240453374
199 1194 -0.9871577149854576 -0.9871577149854576 -0.9871577149854576 -0.9871577149854576 0.11332380603625485 1.4096658167755427
200 1200 -0.9871577149854576 -0.9871577149854576 -0.9871577149854576 -0.9871577149854576 0.11332380603625485 1.4096658167755427
201 1206 -0.9909637255363576 -0.9909637255363576 -0.9909637255363576 -0.9909637255363576 0.09505932076152339 1.4110151400804873
202 1212 -0.9909637255363576 -0.9909637255363576 -0.9909637255363576 -0.9909637255363576 0.09505932076152339 1.4110151400804873
203 1218 -0.9897538658445787 -0.9897538658445787 -0.9897538658445787 -0.9897538658445787 0.10122318981054344 1.4105863553304983
204 1224 -0.9897538658445787 -0.9897538658445787 -0.9897538658445787 -0.9897538658445787 0.10122318981054344 1.4105863553304983
205 1230 -0.99315029675513 -0.99315029675513 -0.99315029675513 -0.99315029675513 0.0827629340035129 1.4117897494864913
206 1236 -0.99315029675513 -0.99315029675513 -0.99315029675513 -0.99315029675513 0.0827629340035129 1.4117897494864913
207 1242 -0.9928658348135702 -0.9928658348135702 -0.9928658348135702 -0.9928658348135702 0.08446398751201477 1.4116890007411582
208 1248 -0.9928658348135702 -0.9928658348135702 -0.9928658348135702 -0.9928658348135702 0.08446398751201477 1.4116890007411582
209 1254 -0.9881673854744853 -0.9881673854744853 -0.9881673854744853 -0.9881673854744853 0.10877782184579153 1.4100238953558502
210 1260 -0.9881673854744853 -0.9881673854744853 -0.9881673854744853 -0.9881673854744853 0.10877782184579153 1.4100238953558502
211 1266 -0.9936818537698092 -0.9936818537698092 -0.9936818537698092 -0.9936818537698092 0.07948676764210857 1.4119779933730585
212 1272 -0.9936818537698092 -0.9936818537698092 -0.9936818537698092 -0.9936818537698092 0.07948676764210857 1.4119779933730585
213 1278 -0.9937411631528055 -0.9937411631528055 -0.9937411631528055 -0.9937411631528055 0.07911281089175531 1.411998995450353
214 1284 -0.9937411631528055 -0.9937411631528055 -0.9937411631528055 -0.9937411631528055 0.07911281089175531 1.411998995450353
215 1290 -0.9950012815781841 -0.9950012815781841 -0.9950012815781841 -0.9950012815781841 0.07070161541164338 1.41244514285624
216 1296 -0.9950012815781841 -0.9950012815781841 -0.9950012815781841 -0.9950012815781841 0.07070161541164338 1.41244514285624
217 1302 -0.9931555824572513 -0.9931555824572513 -0.9931555824572513 -0.9931555824572513 0.0827309950547476 1.411791621471544
218 1308 -0.9931555824572513 -0.9931555824572513 -0.9931555824572513 -0.9931555824572513 0.0827309950547476 1.411791621471544
219 1314 -0.9929899197152748 -0.9929899197152748 -0.9929899197152748 -0.9929899197152748 0.08372622220502464 1.4117329491498294
220 1320 -0.9929899197152748 -0.9929899197152748 -0.9929899197152748 -0.9929899197152748 0.08372622220502464 1.4117329491498294
221 1326 -0.9972355744935655 -0.9972355744935655 -0.9972355744935655 -0.9972355744935655 0.05257780431355588 1.4132358523946262
222 1332 -0.9972355744935655 -0.9972355744935655 -0.9972355744935655 -0.9972355744935655 0.05257780431355588 1.4132358523946262
223 1338 -0.9975864734745474 -0.9975864734745474 -0.9975864734745474 -0.9975864734745474 0.04912765540357547 1.4133599942953485
224 1344 -0.9975864734745474 -0.9975864734745474 -0.9975864734745474 -0.9975864734745474 0.04912765540357547 1.4133599942953485
225 1350 -0.9977687793796338 -0.9977687793796338 -0.9977687793796338 -0.9977687793796338 0.047235798081180655 1.413424486620928
226 1356 -0.9977687793796338 -0.9977687793796338 -0.9977687793796338 -0.9977687793796338 0.047235798081180655 1.413424486620928
227 1362 -0.9975913291964295 -0.9975913291964295 -0.9975913291964295 -0.9975913291964295 0.04907821108771625 1.4133617120880377
228 1368 -0.9975913291964295 -0.9975913291964295 -0.9975913291964295 -0.9975913291964295 0.04907821108771625 1.4133617120880377
229 1374 -0.9979243821380984 -0.9979243821380984 -0.9979243821380984 -0.9979243821380984 0.0455589493063806 1.4134795301447058
230 1380 -0.9979243821380984 -0.9979243821380984 -0.9979243821380984 -0.9979243821380984 0.0455589493063806 1.4134795301447058
231 1386 -0.9971164390902697 -0.9971164390902697 -0.9971164390902697 -0.9971164390902697 0.05369879802873119 1.413193701900157
232 1392 -0.9971164390902697 -0.9971164390902697 -0.9971164390902697 -0.9971164390902697 0.05369879802873119 1.413193701900157
233 1398 -0.9986477207066011 -0.9986477207066011 -0.9986477207066011 -0.9986477207066011 0.036773350315125325 1.4137353786004654
234 1404 -0.9986477207066011 -0.9986477207066011 -0.9986477207066011 -0.9986477207066011 0.036773350315125325 1.4137353786004654
235 1410 -0.9994688505796023 -0.9994688505796023 -0.9994688505796023 -0.9994688505796023 0.023046679162038664 1.4140257602248987
236 1416 -0.9994688505796023 -0.9994688505796023 -0.9994688505796023 -0.9994688505796023 0.023046679162038664 1.4140257602248987
237 1422 -0.9996404092615928 -0.9996404092615928 -0.9996404092615928 -0.9996404092615928 0.01896287790413214 1.4140864221332416
238 1428 -0.9996404092615928 -0.9996404092615928 -0.9996404092615928 -0.9996404092615928 0.01896287790413214 1.4140864221332416
239 1434 -0.9995090699141854 -0.9995090699141854 -0.9995090699141854 -0.9995090699141854 0.022156942158489148 1.4140399817240619
240 1440 -0.9995090699141854 -0.9995090699141854 -0.9995090699141854 -0.9995090699141854 0.022156942158489148 1.4140399817240619
241 1446 -0.9994652327980007 -0.9994652327980007 -0.9994652327980007 -0.9994652327980007 0.023125034097258176 1.414024480975489
242 1452 -0.9994652327980007 -0.9994652327980007 -0.9994652327980007 -0.9994652327980007 0.023125034097258176 1.414024480975489
243 1458 -0.9990850771083679 -0.9990850771083679 -0.9990850771083679 -0.9990850771083679 0.030247692335649116 1.4138900512799317
244 1464 -0.9990850771083679 -0.9990850771083679 -0.9990850771083679 -0.9990850771083679 0.030247692335649116 1.4138900512799317
245 1470 -0.9989135091291292 -0.9989135091291292 -0.9989135091291292 -0.9989135091291292 0.03296196096822373 1.4138293776581137
246 1476 -0.9989135091291292 -0.9989135091291292 -0.9989135091291292 -0.9989135091291292 0.03296196096822373 1.4138293776581137
247 1482 -0.9987371790236728 -0.9987371790236728 -0.9987371790236728 -0.9987371790236728 0.035536192484945155 1.413767017235751
248 1488 -0.9987371790236728 -0.9987371790236728 -0.9987371790236728 -0.9987371790236728 0.035536192484945155 1.413767017235751
249 1494 -0.9991381293045275 -0.9991381293045275 -0.9991381293045275 -0.9991381293045275 0.02935763436437975 1.4139088122310177
250 1500 -0.9991381293045275 -0.9991381293045275 -0.9991381293045275 -0.9991381293045275 0.02935763436437975 1.4139088122310177
251 1506 -0.9992437937853382 -0.9992437937853382 -0.9992437937853382 -0.9992437937853382 0.027499203891415816 1.413946177824792
252 1512 -0.9992437937853382 -0.9992437937853382 -0.9992437937853382 -0.9992437937853382 0.027499203891415816 1.413946177824792
253 1518 -0.9996054654686903 -0.9996054654686903 -0.9996054654686903 -0.9996054654686903 0.019862893326741154 1.4140740664720113
254 1524 -0.9996054654686903 -0.9996054654686903 -0.9996054654686903 -0.9996054654686903 0.019862893326741154 1.4140740664720113
255 1530 -0.9998555930054132 -0.9998555930054132 -0.9998555930054132 -0.9998555930054132 0.012016946142298328 1.4141625058689022
256 1536 -0.9998555930054132 -0.9998555930054132 -0.9998555930054132 -0.9998555930054132 0.012016946142298328 1.4141625058689022
257 1542 -0.9999298877866983 -0.9999298877866983 -0.9999298877866983 -0.9999298877866983 0.008373303607381475 1.4141887737451102
258 1548 -0.9999298877866983 -0.9999298877866983 -0.9999298877866983 -0.9999298877866983 0.008373303607381475 1.4141887737451102
259 1554 -0.999946541116493 -0.999946541116493 -0.999946541116493 -0.999946541116493 0.0073115582133356505 1.4141946616772716
260 1560 -0.999946541116493 -0.999946541116493 -0.999946541116493 -0.999946541116493 0.0073115582133356505 1.4141946616772716
261 1566 -0.9999574835316618 -0.9999574835316618 -0.9999574835316618 -0.9999574835316618 0.006520465346747768 1.4141985304516695
262 1572 -0.9999574835316618 -0.9999574835316618 -0.9999574835316618 -0.9999574835316618 0.006520465346747768 1.4141985304516695
263 1578 -0.9999318524824556 -0.9999318524824556 -0.9999318524824556 -0.9999318524824556 0.008255150970412569 1.4141894683819618
264 1584 -0.9999318524824556 -0.9999318524824556 -0.9999318524824556 -0.9999318524824556 0.008255150970412569 1.4141894683819618
265 1590 -0.9999423113954473 -0.9999423113954473 -0.9999423113954473 -0.9999423113954473 0.007595301478726265 1.4141931662242777
266 1596 -0.9999423113954473 -0.9999423113954473 -0.9999423113954473 -0.9999423113954473 0.007595301478726265 1.4141931662242777
267 1602 -0.9999701664555721 -0.9999701664555721 -0.9999701664555721 -0.9999701664555721 0.005462009193295883 1.4142030145829743
268 1608 -0.9999701664555721 -0.9999701664555721 -0.9999701664555721 -0.9999701664555721 0.005462009193295883 1.4142030145829743
269 1614 -0.9999565558771016 -0.9999565558771016 -0.9999565558771016 -0.9999565558771016 0.006591215585785844 1.4141982024727304
270 1620 -0.9999565558771016 -0.9999565558771016 -0.9999565558771016 -0.9999565558771016 0.006591215585785844 1.4141982024727304
271 1626 -0.9999232921223237 -0.9999232921223237 -0.9999232921223237 -0.9999232921223237 0.008758303356041096 1.4141864417828094
272 1632 -0.9999232921223237 -0.9999232921223237 -0.9999232921223237 -0.9999232921223237 0.008758303356041096 1.4141864417828094
273 1638 -0.9999479372659676 -0.9999479372659676 -0.9999479372659676 -0.9999479372659676 0.007215451062285937 1.4141951552971632
274 1644 -0.9999479372659676 -0.9999479372659676 -0.9999479372659676 -0.9999479372659676 0.007215451062285937 1.4141951552971632
275 1650 -0.999960181680323 -0.999960181680323 -0.999960181680323 -0.999960181680323 0.006310175883195756 1.414199484401095
276 1656 -0.999960181680323 -0.999960181680323 -0.999960181680323 -0.999960181680323 0.006310175883195756 1.414199484401095
277 1662 -0.9999103318973854 -0.9999103318973854 -0.9999103318973854 -0.9999103318973854 0.009469324295561705 1.4141818595560423
278 1668 -0.9999103318973854 -0.9999103318973854 -0.9999103318973854 -0.9999103318973854 0.009469324295561705 1.4141818595560423
279 1674 -0.9999653846020979 -0.9999653846020979 -0.9999653846020979 -0.9999653846020979 0.005883485183291 1.414201323928845
280 1680 -0.9999653846020979 -0.9999653846020979 -0.9999653846020979 -0.9999653846020979 0.005883485183291 1.414201323928845
281 1686 -0.9999433118729588 -0.9999433118729588 -0.9999433118729588 -0.9999433118729588 0.007529151814194101 1.4141935199515514
282 1692 -0.9999433118729588 -0.9999433118729588 -0.9999433118729588 -0.9999433118729588 0.007529151814194101 1.4141935199515514
283 1698 -0.9999613513917013 -0.9999613513917013 -0.9999613513917013 -0.9999613513917013 0.006216800487272586 1.4141998979605752
284 1704 -0.9999613513917013 -0.9999613513917013 -0.9999613513917013 -0.9999613513917013 0.006216800487272586 1.4141998979605752
285 1710 -0.9999770617743257 -0.9999770617743257 -0.9999770617743257 -0.9999770617743257 0.004789386774381247 1.4142054524623804
286 1716 -0.9999770617743257 -0.9999770617743257 -0.9999770617743257 -0.9999770617743257 0.004789386774381247 1.4142054524623804
287 1722 -0.9999862412475342 -0.9999862412475342 -0.9999862412475342 -0.9999862412475342 0.0037092792380592956 1.4142086979111443
288 1728 -0.9999862412475342 -0.9999862412475342 -0.9999862412475342 -0.9999862412475342 0.0037092792380592956 1.4142086979111443
289 1734 -0.9999910017771274 -0.9999910017771274 -0.9999910017771274 -0.9999910017771274 0.002999703797457431 1.4142103810173108
290 1740 -0.9999910017771274 -0.9999910017771274 -0.9999910017771274 -0.9999910017771274 0.002999703797457431 1.4142103810173108
291 1746 -0.9999975827146623 -0.9999975827146623 -0.9999975827146623 -0.9999975827146623 0.0015547621482283683 1.4142127077334097
292 1752 -0.9999975827146623 -0.9999975827146623 -0.9999975827146623 -0.9999975827146623 0.0015547621482283683 1.4142127077334097
293 1758 -0.9999979986910766 -0.9999979986910766 -0.9999979986910766 -0.9999979986910766 0.001414676260953395 1.4142128548033626
294 1764 -0.9999979986910766 -0.9999979986910766 -0.9999979986910766 -0.9999979986910766 0.001414676260953395 1.4142128548033626
295 1770 -0.9999987051850001 -0.9999987051850001 -0.9999987051850001 -0.9999987051850001 0.0011378993804361402 1.4142131045867876
296 1776 -0.9999987051850001 -0.9999987051850001 -0.9999987051850001 -0.9999987051850001 0.0011378993804361402 1.4142131045867876
297 1782 -0.9999994070819402 -0.9999994070819402 -0.9999994070819402 -0.9999994070819402 0.000770011726956014 1.4142133527448892
298 1788 -0.9999994070819402 -0.9999994070819402 -0.9999994070819402 -0.9999994070819402 0.000770011726956014 1.4142133527448892
299 1794 -0.9999994406202468 -0.9999994406202468 -0.9999994406202468 -0.9999994406202468 0.0007479169426302683 1.4142133646024728
300 1800 -0.9999994406202468 -0.9999994406202468 -0.9999994406202468 -0.9999994406202468 0.0007479169426302683 1.4142133646024728
301 1806 -0.9999997348111368 -0.9999997348111368 -0.9999997348111368 -0.9999997348111368 0.0005149649143734112 1.4142134686146701
302 1812 -0.9999997348111368 -0.9999997348111368 -0.9999997348111368 -0.9999997348111368 0.0005149649143734112 1.4142134686146701
303 1818 -0.999999697160698 -0.999999697160698 -0.999999697160698 -0.999999697160698 0.0005503083698880457 1.4142134553032288
304 1824 -0.999999697160698 -0.999999697160698 -0.999999697160698 -0.999999697160698 0.0005503083698880457 1.4142134553032288
305 1830 -0.9999993332722907 -0.9999993332722907 -0.9999993332722907 -0.9999993332722907 0.0008165339608762372 1.4142133266492332
306 1836 -0.9999993332722907 -0.9999993332722907 -0.9999993332722907 -0.9999993332722907 0.0008165339608762372 1.4142133266492332
307 1842 -0.9999992245767343 -0.9999992245767343 -0.9999992245767343 -0.9999992245767343 0.0008805812089737393 1.4142132882195437
308 1848 -0.9999992245767343 -0.9999992245767343 -0.9999992245767343 -0.9999992245767343 0.0008805812089737393 1.4142132882195437
309 1854 -0.9999992106595733 -0.9999992106595733 -0.9999992106595733 -0.9999992106595733 0.0008884483251834883 1.4142132832990832
310 1860 -0.9999992106595733 -0.9999992106595733 -0.9999992106595733 -0.9999992106595733 0.0008884483251834883 1.4142132832990832
311 1866 -0.9999993555823157 -0.9999993555823157 -0.9999993555823157 -0.9999993555823157 0.0008027563044446677 1.4142133345370194
312 1872 -0.9999993555823157 -0.9999993555823157 -0.9999993555823157 -0.9999993555823157 0.0008027563044446677 1.4142133345370194
313 1878 -0.9999996785245466 -0.9999996785245466 -0.9999996785245466 -0.9999996785245466 0.0005669880539911678 1.414213448714354
314 1884 -0.9999996785245466 -0.9999996785245466 -0.9999996785245466 -0.9999996785245466 0.0005669880539911678 1.414213448714354
315 1890 -0.9999996716043681 -0.9999996716043681 -0.9999996716043681 -0.9999996716043681 0.0005730581401267387 1.4142134462677012
316 1896 -0.9999996716043681 -0.9999996716043681 -0.9999996716043681 -0.9999996716043681 0.0005730581401267387 1.4142134462677012
317 1902 -0.9999991783633471 -0.9999991783633471 -0.9999991783633471 -0.9999991783633471 0.000906441753747462 1.4142132718806408
318 1908 -0.9999991783633471 -0.9999991783633471 -0.9999991783633471 -0.9999991783633471 0.000906441753747462 1.4142132718806408
319 1914 -0.9999993905513018 -0.9999993905513018 -0.9999993905513018 -0.9999993905513018 0.0007806719530186712 1.414213346900425
320 1920 -0.9999993905513018 -0.9999993905513018 -0.9999993905513018 -0.9999993905513018 0.0007806719530186712 1.414213346900425
321 1926 -0.9999992514906102 -0.9999992514906102 -0.9999992514906102 -0.9999992514906102 0.0008651643716161677 1.4142132977350377
322 1932 -0.9999992514906102 -0.9999992514906102 -0.9999992514906102 -0.9999992514906102 0.0008651643716161677 1.4142132977350377
323 1938 -0.999999347649929 -0.999999347649929 -0.999999347649929 -0.999999347649929 0.0008076819119595178 1.4142133317324967
324 1944 -0.999999347649929 -0.999999347649929 -0.999999347649929 -0.999999347649929 0.0008076819119595178 1.4142133317324967
325 1950 -0.9999996459786272 -0.9999996459786272 -0.9999996459786272 -0.9999996459786272 0.0005949969518553159 1.4142134372076327
326 1956 -0.9999996459786272 -0.9999996459786272 -0.9999996459786272 -0.9999996459786272 0.0005949969518553159 1.4142134372076327
327 1962 -0.999999671705977 -0.999999671705977 -0.999999671705977 -0.999999671705977 0.0005729694782154842 1.4142134463036253
328 1968 -0.999999671705977 -0.999999671705977 -0.999999671705977 -0.999999671705977 0.0005729694782154842 1.4142134463036253
329 1974 -0.9999999419748232 -0.9999999419748232 -0.9999999419748232 -0.9999999419748232 0.0002408841562225407 1.414213541858097
330 1980 -0.9999999419748232 -0.9999999419748232 -0.9999999419748232 -0.9999999419748232 0.0002408841562225407 1.414213541858097
331 1986 -0.9999999280420135 -0.9999999280420135 -0.9999999280420135 -0.9999999280420135 0.0002682498581598957 1.4142135369321047
332 1992 -0.9999999280420135 -0.9999999280420135 -0.9999999280420135 -0.9999999280420135 0.0002682498581598957 1.4142135369321047
333 1998 -0.9999999639776344 -0.9999999639776344 -0.9999999639776344 -0.9999999639776344 0.00018979558852587239 1.4142135496372654
334 2004 -0.9999999639776344 -0.9999999639776344 -0.9999999639776344 -0.9999999639776344 0.00018979558852587239 1.4142135496372654
335 2010 -0.9999999771100975 -0.9999999771100975 -0.9999999771100975 -0.9999999771100975 0.00015129409302572767 1.4142135542802925
336 2016 -0.9999999771100975 -0.9999999771100975 -0.9999999771100975 -0.9999999771100975 0.00015129409302572767 1.4142135542802925
337 2022 -0.9999999610960542 -0.9999999610960542 -0.9999999610960542 -0.9999999610960542 0.00019724083152471467 1.414213548618473
338 2028 -0.9999999610960542 -0.9999999610960542 -0.9999999610960542 -0.9999999610960542 0.00019724083152471467 1.414213548618473
339 2034 -0.9999999792115367 -0.9999999792115367 -0.9999999792115367 -0.9999999792115367 0.00014418204891253258 1.4142135550232633
340 2040 -0.9999999792115367 -0.9999999792115367 -0.9999999792115367 -0.9999999792115367 0.00014418204891253258 1.4142135550232633
341 2046 -0.9999999594249446 -0.9999999594249446 -0.9999999594249446 -0.9999999594249446 0.00020143250877945165 1.4142135480276465
342 2052 -0.9999999594249446 -0.9999999594249446 -0.9999999594249446 -0.9999999594249446 0.00020143250877945165 1.4142135480276465
343 2058 -0.9999999457880476 -0.9999999457880476 -0.9999999457880476 -0.9999999457880476 0.00023283460303754727 1.4142135432062755
344 2064 -0.9999999457880476 -0.9999999457880476 -0.9999999457880476 -0.9999999457880476 0.00023283460303754727 1.4142135432062755
345 2070 -0.9999999691512966 -0.9999999691512966 -0.9999999691512966 -0.9999999691512966 0.00017563798969775355 1.4142135514664314
346 2076 -0.9999999691512966 -0.9999999691512966 -0.9999999691512966 -0.9999999691512966 0.00017563798969775355 1.4142135514664314
347 2082 -0.9999999861374478 -0.9999999861374478 -0.9999999861374478 -0.9999999861374478 0.00011773934014273871 1.4142135574719428
348 2088 -0.9999999861374478 -0.9999999861374478 -0.9999999861374478 -0.9999999861374478 0.00011773934014273871 1.4142135574719428
349 2094 -0.9999999951396416 -0.9999999951396416 -0.9999999951396416 -0.9999999951396416 6.971627065135149e-05 1.4142135606546988
350 2100 -0.9999999951396416 -0.9999999951396416 -0.9999999951396416 -0.9999999951396416 6.971627065135149e-05 1.4142135606546988
351 2106 -0.99999998337224 -0.99999998337224 -0.99999998337224 -0.99999998337224 0.0001289486726133796 1.4142135564942941
352 2112 -0.99999998337224 -0.99999998337224 -0.99999998337224 -0.99999998337224 0.0001289486726133796 1.4142135564942941
353 2118 -0.9999999845971105 -0.9999999845971105 -0.9999999845971105 -0.9999999845971105 0.0001241083785665681 1.4142135569273513
354 2124 -0.9999999845971105 -0.9999999845971105 -0.9999999845971105 -0.9999999845971105 0.0001241083785665681 1.4142135569273513
355 2130 -0.9999999892813074 -0.9999999892813074 -0.9999999892813074 -0.9999999892813074 0.00010353111818980371 1.414213558583465
356 2136 -0.9999999892813074 -0.9999999892813074 -0.9999999892813074 -0.9999999892813074 0.00010353111818980371 1.414213558583465
357 2142 -0.9999999910117114 -0.9999999910117114 -0.9999999910117114 -0.9999999910117114 9.480658469946171e-05 1.4142135591952552
358 2148 -0.9999999910117114 -0.9999999910117114 -0.9999999910117114 -0.9999999910117114 9.480658469946171e-05 1.4142135591952552
359 2154 -0.9999999918465476 -0.9999999918465476 -0.9999999918465476 -0.9999999918465476 9.029647016495737e-05 1.4142135594904144
360 2160 -0.9999999918465476 -0.9999999918465476 -0.9999999918465476 -0.9999999918465476 9.029647016495737e-05 1.4142135594904144
361 2166 -0.9999999951601063 -0.9999999951601063 -0.9999999951601063 -0.9999999951601063 6.95693453976177e-05 1.4142135606619342
362 2172 -0.9999999951601063 -0.9999999951601063 -0.9999999951601063 -0.9999999951601063 6.95693453976177e-05 1.4142135606619342
363 2178 -0.9999999973503129 -0.9999999973503129 -0.9999999973503129 -0.9999999973503129 5.1475112893429784e-05 1.4142135614362892
364 2184 -0.9999999973503129 -0.9999999973503129 -0.9999999973503129 -0.9999999973503129 5.1475112893429784e-05 1.4142135614362892
365 2190 -0.9999999987912365 -0.9999999987912365 -0.9999999987912365 -0.9999999987912365 3.4767277564143166e-05 1.4142135619457326
366 2196 -0.9999999987912365 -0.9999999987912365 -0.9999999987912365 -0.9999999987912365 3.4767277564143166e-05 1.4142135619457326
367 2202 -0.9999999980222511 -0.9999999980222511 -0.9999999980222511 -0.9999999980222511 4.447188897593345e-05 1.4142135616738551
368 2208 -0.9999999980222511 -0.9999999980222511 -0.9999999980222511 -0.9999999980222511 4.447188897593345e-05 1.4142135616738551
369 2214 -0.9999999984194003 -0.9999999984194003 -0.9999999984194003 -0.9999999984194003 3.975675394985901e-05 1.4142135618142686
370 2220 -0.9999999984194003 -0.9999999984194003 -0.9999999984194003 -0.9999999984194003 3.975675394985901e-05 1.4142135618142686
371 2226 -0.999999998581396 -0.999999998581396 -0.999999998581396 -0.999999998581396 3.766435702349445e-05 1.4142135618715426
372 2232 -0.999999998581396 -0.999999998581396 -0.999999998581396 -0.999999998581396 3.766435702349445e-05 1.4142135618715426
373 2238 -0.9999999994944416 -0.9999999994944416 -0.9999999994944416 -0.9999999994944416 2.2484621553620103e-05 1.4142135621943532
374 2244 -0.9999999994944416 -0.9999999994944416 -0.9999999994944416 -0.9999999994944416 2.2484621553620103e-05 1.4142135621943532
375 2250 -0.9999999995271286 -0.9999999995271286 -0.9999999995271286 -0.9999999995271286 2.1745606652760056e-05 1.4142135622059098
376 2256 -0.9999999995271286 -0.9999999995271286 -0.9999999995271286 -0.9999999995271286 2.1745606652760056e-05 1.4142135622059098
377 2262 -0.9999999990748475 -0.9999999990748475 -0.9999999990748475 -0.9999999990748475 3.041631797463036e-05 1.4142135620460043
378 2268 -0.9999999990748475 -0.9999999990748475 -0.9999999990748475 -0.9999999990748475 3.041631797463036e-05 1.4142135620460043
379 2274 -0.999999999378337 -0.999999999378337 -0.999999999378337 -0.999999999378337 2.493317621989266e-05 1.414213562153304
380 2280 -0.999999999378337 -0.999999999378337 -0.999999999378337 -0.999999999378337 2.493317621989266e-05 1.414213562153304
381 2286 -0.9999999995225112 -0.9999999995225112 -0.9999999995225112 -0.9999999995225112 2.1851522791343017e-05 1.4142135622042773
382 2292 -0.9999999995225112 -0.9999999995225112 -0.9999999995225112 -0.9999999995225112 2.1851522791343017e-05 1.4142135622042773
383 2298 -0.9999999990949666 -0.9999999990949666 -0.9999999990949666 -0.9999999990949666 3.008377088312687e-05 1.4142135620531173
384 2304 -0.9999999990949666 -0.9999999990949666 -0.9999999990949666 -0.9999999990949666 3.008377088312687e-05 1.4142135620531173
385 2310 -0.9999999985206088 -0.9999999985206088 -0.9999999985206088 -0.9999999985206088 3.84628543549064e-05 1.4142135618500513
386 2316 -0.9999999985206088 -0.9999999985206088 -0.9999999985206088 -0.9999999985206088 3.84628543549064e-05 1.4142135618500513
387 2322 -0.9999999977951499 -0.9999999977951499 -0.9999999977951499 -0.9999999977951499 4.6955831163867055e-05 1.414213561593563
388 2328 -0.9999999977951499 -0.9999999977951499 -0.9999999977951499 -0.9999999977951499 4.6955831163867055e-05 1.414213561593563
389 2334 -0.9999999993608659 -0.9999999993608659 -0.9999999993608659 -0.9999999993608659 2.528110122195293e-05 1.414213562147127
390 2340 -0.9999999993608659 -0.9999999993608659 -0.9999999993608659 -0.9999999993608659 2.528110122195293e-05 1.414213562147127
391 2346 -0.999999999679084 -0.999999999679084 -0.999999999679084 -0.999999999679084 1.791412894849721e-05 1.4142135622596341
392 2352 -0.999999999679084 -0.999999999679084 -0.999999999679084 -0.999999999679084 1.791412894849721e-05 1.4142135622596341
393 2358 -0.9999999995341764 -0.9999999995341764 -0.9999999995341764 -0.9999999995341764 2.158294444443661e-05 1.4142135622084016
394 2364 -0.9999999995341764 -0.9999999995341764 -0.9999999995341764 -0.9999999995341764 2.158294444443661e-05 1.4142135622084016
395 2370 -0.9999999995960784 -0.9999999995960784 -0.9999999995960784 -0.9999999995960784 2.0097804093909937e-05 1.4142135622302872
396 2376 -0.9999999995960784 -0.9999999995960784 -0.9999999995960784 -0.9999999995960784 2.0097804093909937e-05 1.4142135622302872
397 2382 -0.9999999989086453 -0.9999999989086453 -0.9999999989086453 -0.9999999989086453 3.303565760355543e-05 1.414213561987243
398 2388 -0.9999999989086453 -0.9999999989086453 -0.9999999989086453 -0.9999999989086453 3.303565760355543e-05 1.414213561987243
399 2394 -0.9999999993468774 -0.9999999993468774 -0.9999999993468774 -0.9999999993468774 2.555626038793033e-05 1.4142135621421814
400 2400 -0.9999999993468774 -0.9999999993468774 -0.9999999993468774 -0.9999999993468774 2.555626038793033e-05 1.4142135621421814
401 2406 -0.9999999996586743 -0.9999999996586743 -0.9999999996586743 -0.9999999996586743 1.8475003259686614e-05 1.4142135622524181
402 2412 -0.9999999996586743 -0.9999999996586743 -0.9999999996586743 -0.9999999996586743 1.8475003259686614e-05 1.4142135622524181
403 2418 -0.9999999996078196 -0.9999999996078196 -0.9999999996078196 -0.9999999996078196 1.9803545118660094e-05 1.4142135622344383
404 2424 -0.9999999996078196 -0.9999999996078196 -0.9999999996078196 -0.9999999996078196 1.9803545118660094e-05 1.4142135622344383
405 2430 -0.9999999997128346 -0.9999999997128346 -0.9999999997128346 -0.9999999997128346 1.6945952069622177e-05 1.4142135622715668
406 2436 -0.9999999997128346 -0.9999999997128346 -0.9999999997128346 -0.9999999997128346 1.6945952069622177e-05 1.4142135622715668
407 2442 -0.9999999998635818 -0.9999999998635818 -0.9999999998635818 -0.9999999998635818 1.1679818258451415e-05 1.414213562324864
408 2448 -0.9999999998635818 -0.9999999998635818 -0.9999999998635818 -0.9999999998635818 1.1679818258451415e-05 1.414213562324864
409 2454 -0.9999999999050208 -0.9999999999050208 -0.9999999999050208 -0.9999999999050208 9.745718272409162e-06 1.4142135623395147
410 2460 -0.9999999999050208 -0.9999999999050208 -0.9999999999050208 -0.9999999999050208 9.745718272409162e-06 1.4142135623395147
411 2466 -0.1262923545631438 -0.1262923545631438 -0.1262923545631438 -0.1262923545631438 0.9347232988627471 1.06126921870143
412 2472 -0.1262923545631438 -0.1262923545631438 -0.1262923545631438 -0.1262923545631438 0.9347232988627471 1.06126921870143
413 2478 -0.11913813344384351 -0.11913813344384351 -0.11913813344384351 -0.11913813344384351 0.9385424159600654 1.0578932523860067
414 2484 -0.11913813344384351 -0.11913813344384351 -0.11913813344384351 -0.11913813344384351 0.9385424159600654 1.0578932523860067
415 2490 0.24060824198465192 0.24060824198465192 0.24060824198465192 0.24060824198465192 0.8714308681790816 1.1138259477964463
416 2496 0.24060824198465192 0.24060824198465192 0.24060824198465192 0.24060824198465192 0.8714308681790816 1.1138259477964463
417 2502 0.45207537296037875 0.45207537296037875 0.45207537296037875 0.45207537296037875 0.7402193100964208 1.2050209014620363
418 2508 0.45207537296037875 0.45207537296037875 0.45207537296037875 0.45207537296037875 0.7402193100964208 1.2050209014620363
419 2514 0.5562751818714821 0.5562751818714821 0.5562751818714821 0.5562751818714821 0.6661267282796254 1.247507587901365
420 2520 0.5562751818714821 0.5562751818714821 0.5562751818714821 0.5562751818714821 0.6661267282796254 1.247507587901365
421 2526 0.7105802370308965 0.7105802370308965 0.7105802370308965 0.7105802370308965 0.5379774744067856 1.3078915234188562
422 2532 0.7105802370308965 0.7105802370308965 0.7105802370308965 0.7105802370308965 0.5379774744067856 1.3078915234188562
423 2538 0.6542008136097676 0.6542008136097676 0.6542008136097676 0.6542008136097676 0.5880469253301411 1.2861573829083932
424 2544 0.6542008136097676 0.6542008136097676 0.6542008136097676 0.6542008136097676 0.5880469253301411 1.2861573829083932
425 2550 0.5805676463183601 0.5805676463183601 0.5805676463183601 0.5805676463183601 0.647635973121969 1.257206286302435
426 2556 0.5805676463183601 0.5805676463183601 0.5805676463183601 0.5805676463183601 0.647635973121969 1.257206286302435
427 2562 0.4297124360159219 0.4297124360159219 0.4297124360159219 0.4297124360159219 0.7551738634142987 1.1957058317228038
428 2568 0.4297124360159219 0.4297124360159219 0.4297124360159219 0.4297124360159219 0.7551738634142987 1.1957058317228038
429 2574 0.5711562038028366 0.5711562038028366 0.5711562038028366 0.5711562038028366 0.6548616618776545 1.2534576992475002
430 2580 0.5711562038028366 0.5711562038028366 0.5711562038028366 0.5711562038028366 0.6548616618776545 1.2534576992475002
431 2586 0.4701022237393922 0.4701022237393922 0.4701022237393922 0.4701022237393922 0.727940777989946 1.2124777209249629
432 2592 0.4701022237393922 0.4701022237393922 0.4701022237393922 0.4701022237393922 0.727940777989946 1.2124777209249629
433 2598 0.2693114132268271 0.2693114132268271 0.2693114132268271 0.2693114132268271 0.8548032444797884 1.1266372145579193
434 2604 0.2693114132268271 0.2693114132268271 0.2693114132268271 0.2693114132268271 0.8548032444797884 1.1266372145579193
435 2610 0.3983668626278084 0.3983668626278084 0.3983668626278084 0.3983668626278084 0.7756501385110376 1.1825256287403705
436 2616 0.3983668626278084 0.3983668626278084 0.3983668626278084 0.3983668626278084 0.7756501385110376 1.1825256287403705
437 2622 0.5591217125633208 0.5591217125633208 0.5591217125633208 0.5591217125633208 0.6639866620924545 1.2486479538137725
438 2628 0.5591217125633208 0.5591217125633208 0.5591217125633208 0.5591217125633208 0.6639866620924545 1.2486479538137725
439 2634 0.5208882022391982 0.5208882022391982 0.5208882022391982 0.5208882022391982 0.6921790214682919 1.2332429615607778
440 2640 0.5208882022391982 0.5208882022391982 0.5208882022391982 0.5208882022391982 0.6921790214682919 1.2332429615607778
441 2646 0.11670899380511308 0.11670899380511308 0.11670899380511308 0.11670899380511308 0.9398356272215302 1.056744526271659
442 2652 0.11670899380511308 0.11670899380511308 0.11670899380511308 0.11670899380511308 0.9398356272215302 1.056744526271659
443 2658 0.06669677759889084 0.06669677759889084 0.06669677759889084 0.06669677759889084 0.9660761990656375 1.0328101362781499
444 2664 0.06669677759889084 0.06669677759889084 0.06669677759889084 0.06669677759889084 0.9660761990656375 1.0328101362781499
445 2670 0.13054218914066687 0.13054218914066687 0.13054218914066687 0.13054218914066687 0.9324472161250379 1.0632695750093986
446 2676 0.13054218914066687 0.13054218914066687 0.13054218914066687 0.13054218914066687 0.9324472161250379 1.0632695750093986
447 2682 -0.24714000582421303 -0.24714000582421303 -0.24714000582421303 -0.24714000582421303 0.8676750510276224 1.1167542280305964
448 2688 -0.24714000582421303 -0.24714000582421303 -0.24714000582421303 -0.24714000582421303 0.8676750510276224 1.1167542280305964
449 2694 -0.12288667532459976 -0.12288667532459976 -0.12288667532459976 -0.12288667532459976 0.9365432849982964 1.0596634726763963
450 2700 -0.12288667532459976 -0.12288667532459976 -0.12288667532459976 -0.12288667532459976 0.9365432849982964 1.0596634726763963
451 2706 -0.27939589334856785 -0.27939589334856785 -0.27939589334856785 -0.27939589334856785 0.8488840360446369 1.1311038384465715
452 2712 -0.27939589334856785 -0.27939589334856785 -0.27939589334856785 -0.27939589334856785 0.8488840360446369 1.1311038384465715
453 2718 -0.6208651730307198 -0.6208651730307198 -0.6208651730307198 -0.6208651730307198 0.6157392524188142 1.273132032835055
454 2724 -0.6208651730307198 -0.6208651730307198 -0.6208651730307198 -0.6208651730307198 0.6157392524188142 1.273132032835055
455 2730 -0.7355416420712558 -0.7355416420712558 -0.7355416420712558 -0.7355416420712558 0.5142551486652751 1.3173995757063441
456 2736 -0.7355416420712558 -0.7355416420712558 -0.7355416420712558 -0.7355416420712558 0.5142551486652751 1.3173995757063441
457 2742 -0.7258064881672827 -0.7258064881672827 -0.7258064881672827 -0.7258064881672827 0.5236349031841913 1.3136995425771003
458 2748 -0.7258064881672827 -0.7258064881672827 -0.7258064881672827 -0.7258064881672827 0.5236349031841913 1.3136995425771003
459 2754 -0.6443421797081125 -0.6443421797081125 -0.6443421797081125 -0.6443421797081125 0.5963705394231741 1.2823190631461863
460 2760 -0.6443421797081125 -0.6443421797081125 -0.6443421797081125 -0.6443421797081125 0.5963705394231741 1.2823190631461863
461 2766 -0.872551970857129 -0.872551970857129 -0.872551970857129 -0.872551970857129 0.35699864025353234 1.3684122079465415
462 2772 -0.872551970857129 -0.872551970857129 -0.872551970857129 -0.872551970857129 0.35699864025353234 1.3684122079465415
463 2778 -0.9707360596395928 -0.9707360596395928 -0.9707360596395928 -0.9707360596395928 0.17106706392642484 1.4038290706633743
464 2784 -0.9707360596395928 -0.9707360596395928 -0.9707360596395928 -0.9707360596395928 0.17106706392642484 1.4038290706633743
465 2790 -0.9519168301348208 -0.9519168301348208 -0.9519168301348208 -0.9519168301348208 0.21927874923297824 1.397110171079869
466 2796 -0.9519168301348208 -0.9519168301348208 -0.9519168301348208 -0.9519168301348208 0.21927874923297824 1.397110171079869
467 2802 -0.9686523353996545 -0.9686523353996545 -0.9686523353996545 -0.9686523353996545 0.17705271700921607 1.4030867169920946
468 2808 -0.9686523353996545 -0.9686523353996545 -0.9686523353996545 -0.9686523353996545 0.17705271700921607 1.4030867169920946
469 2814 -0.9734538341855679 -0.9734538341855679 -0.9734538341855679 -0.9734538341855679 0.16292994143015044 1.4047967234392198
470 2820 -0.9734538341855679 -0.9734538341855679 -0.9734538341855679 -0.9734538341855679 0.16292994143015044 1.4047967234392198
471 2826 -0.9539344858082934 -0.9539344858082934 -0.9539344858082934 -0.9539344858082934 0.21462878230029314 1.3978320663829018
472 2832 -0.9539344858082934 -0.9539344858082934 -0.9539344858082934 -0.9539344858082934 0.21462878230029314 1.3978320663829018
473 2838 -0.9761163966767824 -0.9761163966767824 -0.9761163966767824 -0.9761163966767824 0.15454320859622878 1.4057440722538304
474 2844 -0.9761163966767824 -0.9761163966767824 -0.9761163966767824 -0.9761163966767824 0.15454320859622878 1.4057440722538304
475 2850 -0.9743192224787187 -0.9743192224787187 -0.9743192224787187 -0.9743192224787187 0.160252230940106 1.4051047016072213
476 2856 -0.9743192224787187 -0.9743192224787187 -0.9743192224787187 -0.9743192224787187 0.160252230940106 1.4051047016072213
477 2862 -0.9803938135229082 -0.9803938135229082 -0.9803938135229082 -0.9803938135229082 0.1400220928178546 1.4072646565315667
478 2868 -0.9803938135229082 -0.9803938135229082 -0.9803938135229082 -0.9803938135229082 0.1400220928178546 1.4072646565315667
479 2874 -0.9802323844529148 -0.9802323844529148 -0.9802323844529148 -0.9802323844529148 0.1405973525607269 1.407207299744041
480 2880 -0.9802323844529148 -0.9802323844529148 -0.9802323844529148 -0.9802323844529148 0.1405973525607269 1.407207299744041
481 2886 -0.9893123646097587 -0.9893123646097587 -0.9893123646097587 -0.9893123646097587 0.10338102045463278 1.4104298510063373
482 2892 -0.9893123646097587 -0.9893123646097587 -0.9893123646097587 -0.9893123646097587 0.10338102045463278 1.4104298510063373
483 2898 -0.9845125270705141 -0.9845125270705141 -0.9845125270705141 -0.9845125270705141 0.12444867588482317 1.4087272720688395
484 2904 -0.9845125270705141 -0.9845125270705141 -0.9845125270705141 -0.9845125270705141 0.12444867588482317 1.4087272720688395
485 2910 -0.9779163968746445 -0.9779163968746445 -0.9779163968746445 -0.9779163968746445 0.14860552858273968 1.4063841569338886
486 2916 -0.9779163968746445 -0.9779163968746445 -0.9779163968746445 -0.9779163968746445 0.14860552858273968 1.4063841569338886
487 2922 -0.9595586251420798 -0.9595586251420798 -0.9595586251420798 -0.9595586251420798 0.20110040988998557 1.3998423572467293
488 2928 -0.9595586251420798 -0.9595586251420798 -0.9595586251420798 -0.9595586251420798 0.20110040988998557 1.3998423572467293
489 2934 -0.9361668707660981 -0.9361668707660981 -0.9361668707660981 -0.9361668707660981 0.25265219024164853 1.391462134147422
490 2940 -0.9361668707660981 -0.9361668707660981 -0.9361668707660981 -0.9361668707660981 0.25265219024164853 1.391462134147422
491 2946 -0.9080484493245796 -0.9080484493245796 -0.9080484493245796 -0.9080484493245796 0.30323514089798426 1.3813212694100456
492 2952 -0.9080484493245796 -0.9080484493245796 -0.9080484493245796 -0.9080484493245796 0.30323514089798426 1.3813212694100456
493 2958 -0.927805572744097 -0.927805572744097 -0.927805572744097 -0.927805572744097 0.26869020684778033 1.3884543826658826
494 2964 -0.927805572744097 -0.927805572744097 -0.927805572744097 -0.927805572744097 0.26869020684778033 1.3884543826658826
495 2970 -0.7820416640980599 -0.7820416640980599 -0.7820416640980599 -0.7820416640980599 0.4668600817182169 1.3349313331022161
496 2976 -0.7820416640980599 -0.7820416640980599 -0.7820416640980599 -0.7820416640980599 0.4668600817182169 1.3349313331022161
497 2982 -0.6995051422191252 -0.6995051422191252 -0.6995051422191252 -0.6995051422191252 0.5481741126511493 1.303650697932205
498 2988 -0.6995051422191252 -0.6995051422191252 -0.6995051422191252 -0.6995051422191252 0.5481741126511493 1.303650697932205
499 2994 -0.6007825459259112 -0.6007825459259112 -0.6007825459259112 -0.6007825459259112 0.6318365722828085 1.2652203546915892
500 3000 -0.6007825459259112 -0.6007825459259112 -0.6007825459259112 -0.6007825459259112 0.6318365722828085 1.2652203546915892
501 3006 -0.6164937971838518 -0.6164937971838518 -0.6164937971838518 -0.6164937971838518 0.6192787763327176 1.2714140935131448
502 3012 -0.6164937971838518 -0.6164937971838518 -0.6164937971838518 -0.6164937971838518 0.6192787763327176 1.2714140935131448
503 3018 -0.36183353548266267 -0.36183353548266267 -0.36183353548266267 -0.36183353548266267 0.7988532183807846 1.1669762360402474
504 3024 -0.36183353548266267 -0.36183353548266267 -0.36183353548266267 -0.36183353548266267 0.7988532183807846 1.1669762360402474
505 3030 -0.15173353067655737 -0.15173353067655737 -0.15173353067655737 -0.15173353067655737 0.9210138268904775 1.0731884879537972
506 3036 -0.15173353067655737 -0.15173353067655737 -0.15173353067655737 -0.15173353067655737 0.9210138268904775 1.0731884879537972
507 3042 0.05441341347400646 0.05441341347400646 0.05441341347400646 0.05441341347400646 0.9724127655095821 1.0268463436532296
508 3048 0.05441341347400646 0.05441341347400646 0.05441341347400646 0.05441341347400646 0.9724127655095821 1.0268463436532296
509 3054 -0.11594331116724864 -0.11594331116724864 -0.11594331116724864 -0.11594331116724864 0.9402428882117383 1.0563821804476108
510 3060 -0.11594331116724864 -0.11594331116724864 -0.11594331116724864 -0.11594331116724864 0.9402428882117383 1.0563821804476108
510 3060 -0.11594331116724864 -0.11594331116724864 -0.11594331116724864 -0.11594331116724864 0.9402428882117383 1.0563821804476108
