% # columns="iteration, evaluation, sigma, max axis length,  min axis length, all principal axes lengths  (sorted square roots of eigenvalues of C)", seed=42, Mon Dec 16 20:17:58 2024
1 6 0.39411408372221474 1.0000250003125026 1.0 1.0 1.0000250003125026
2 12 0.43877204609994747 0.9958559950579604 0.7703942089704834 0.7703942089704834 0.9958559950579604
3 18 0.46933726521500885 1.156509670534457 0.6512151510365158 0.6512151510365158 1.156509670534457
4 24 0.5766614508550428 1.129963032530514 0.6443007458153709 0.6443007458153709 1.129963032530514
5 30 0.6243276824905003 1.1342416210213957 0.683127601604191 0.683127601604191 1.1342416210213957
6 36 0.7662608153221948 1.142951385300287 0.6556320932274863 0.6556320932274863 1.142951385300287
7 42 1.1577525031530023 1.232669734562892 0.6475159029633427 0.6475159029633427 1.232669734562892
8 48 1.6625986597252491 1.2963137937974383 0.6380718562440844 0.6380718562440844 1.2963137937974383
9 54 1.8942533423585663 1.2488709574375714 0.7119200112522668 0.7119200112522668 1.2488709574375714
10 60 2.0259270538327545 1.2850277376521162 0.6409481756178311 0.6409481756178311 1.2850277376521162
11 66 2.084546029043917 1.0285745643116444 0.775362733225373 0.775362733225373 1.0285745643116444
12 72 1.7973936651980431 0.9385622186543958 0.7444854101962024 0.7444854101962024 0.9385622186543958
13 78 1.642993265069759 0.8599055213066228 0.6569494820284726 0.6569494820284726 0.8599055213066228
14 84 1.366156143640081 0.8737583130351091 0.5870701419776294 0.5870701419776294 0.8737583130351091
15 90 1.2834525186068002 0.7705159379907051 0.5389679585548942 0.5389679585548942 0.7705159379907051
16 96 1.2441444615359747 0.7845975625195617 0.4468924766325829 0.4468924766325829 0.7845975625195617
17 102 1.0601745107428682 0.8167331274455114 0.36841996293358836 0.36841996293358836 0.8167331274455114
18 108 0.9087484878093341 0.7677037892389298 0.3242966182647793 0.3242966182647793 0.7677037892389298
19 114 0.9731930521628925 0.6365486041531645 0.3217414620888462 0.3217414620888462 0.6365486041531645
20 120 0.9668083872006127 0.7001246316617866 0.29600368517701864 0.29600368517701864 0.7001246316617866
21 126 0.7134686375336023 0.739200523091205 0.27244046692083185 0.27244046692083185 0.739200523091205
22 132 0.5768704867942731 0.7124354202761377 0.21914367179772345 0.21914367179772345 0.7124354202761377
23 138 0.44442421825370065 0.6851767946466412 0.18179808378760248 0.18179808378760248 0.6851767946466412
24 144 0.337005383674812 0.6969035724539696 0.14269022869656298 0.14269022869656298 0.6969035724539696
25 150 0.3157229808365992 0.6515138056121551 0.12019665457540431 0.12019665457540431 0.6515138056121551
26 156 0.3585491704803744 0.7029963161242955 0.09700645487923663 0.09700645487923663 0.7029963161242955
27 162 0.40088723234398393 0.7655346466574925 0.0948018937848903 0.0948018937848903 0.7655346466574925
28 168 0.38549034919550457 0.8306271677430078 0.09306894357766506 0.09306894357766506 0.8306271677430078
29 174 0.3571854496282678 0.8485032345558665 0.07670897350829735 0.07670897350829735 0.8485032345558665
30 180 0.276341417740492 0.7949216016391489 0.06719142213926807 0.06719142213926807 0.7949216016391489
31 186 0.23085454333823216 0.7688216733047396 0.053860650177147404 0.053860650177147404 0.7688216733047396
32 192 0.23241817699498518 0.7179270269497499 0.04703498204372683 0.04703498204372683 0.7179270269497499
33 198 0.2703521097947467 0.7928630139198635 0.039612296393645566 0.039612296393645566 0.7928630139198635
34 204 0.24846061698136482 0.7074861707646231 0.04527316560977326 0.04527316560977326 0.7074861707646231
35 210 0.18825766022043328 0.6887416971028697 0.03770025379085137 0.03770025379085137 0.6887416971028697
36 216 0.18778814049143366 0.5870798443204986 0.0351498273843234 0.0351498273843234 0.5870798443204986
37 222 0.16068260368009854 0.6042645536507611 0.03072038340298734 0.03072038340298734 0.6042645536507611
38 228 0.15868812597439977 0.5143899692315675 0.03041774686668979 0.03041774686668979 0.5143899692315675
39 234 0.12719616075147053 0.5432069612026436 0.026706114016715393 0.026706114016715393 0.5432069612026436
40 240 0.11473334280272272 0.48037916065645286 0.02487692592961131 0.02487692592961131 0.48037916065645286
41 246 0.10482365541473163 0.4661452871477998 0.023623797611612637 0.023623797611612637 0.4661452871477998
42 252 0.08760778378373439 0.4524915023884845 0.020629447810222447 0.020629447810222447 0.4524915023884845
43 258 0.11208333655022494 0.4472163244420411 0.016345943470783202 0.016345943470783202 0.4472163244420411
44 264 0.08766696357679796 0.4811388985427669 0.01811282782586109 0.01811282782586109 0.4811388985427669
45 270 0.09874071376828746 0.46149199059670803 0.01627004600495881 0.01627004600495881 0.46149199059670803
46 276 0.107363013027094 0.49580702371160124 0.016221729508528022 0.016221729508528022 0.49580702371160124
47 282 0.10625172586928765 0.5426376575651626 0.013752214409219123 0.013752214409219123 0.5426376575651626
48 288 0.09272429921013367 0.5374593949961688 0.013304439734846045 0.013304439734846045 0.5374593949961688
49 294 0.08399747448653147 0.45313213821401443 0.01278064008512943 0.01278064008512943 0.45313213821401443
50 300 0.06963337836303418 0.4051482943869806 0.012757860760889876 0.012757860760889876 0.4051482943869806
51 306 0.06331891490901392 0.4000692814058187 0.009979913844451656 0.009979913844451656 0.4000692814058187
52 312 0.06374943482140531 0.34928146829711176 0.010043091789613002 0.010043091789613002 0.34928146829711176
53 318 0.06040815968755169 0.3202838222879421 0.010194577828126713 0.010194577828126713 0.3202838222879421
54 324 0.07940507741799457 0.3046447926459041 0.010515119148327626 0.010515119148327626 0.3046447926459041
55 330 0.06467542826457082 0.3705586634413778 0.010261380996693508 0.010261380996693508 0.3705586634413778
56 336 0.05952837975551064 0.3311362119931432 0.009688957976205564 0.009688957976205564 0.3311362119931432
57 342 0.05412124731774717 0.331249194678056 0.00810547129672296 0.00810547129672296 0.331249194678056
58 348 0.05094994807799884 0.3322837480151103 0.007034716960267904 0.007034716960267904 0.3322837480151103
59 354 0.051811606282201314 0.34727097011600727 0.006376678497344965 0.006376678497344965 0.34727097011600727
60 360 0.05536784019749473 0.3438043250911738 0.005917655891341211 0.005917655891341211 0.3438043250911738
61 366 0.049487728883399106 0.3068370776458372 0.006501630172280259 0.006501630172280259 0.3068370776458372
62 372 0.05899864620568719 0.24583237438232153 0.006580293384425646 0.006580293384425646 0.24583237438232153
63 378 0.05592536969772432 0.20222665024790773 0.008176017611854134 0.008176017611854134 0.20222665024790773
64 384 0.08079616926246358 0.17710135701648524 0.008128775582912934 0.008128775582912934 0.17710135701648524
65 390 0.06962301834553714 0.16597482674261005 0.011126252957663894 0.011126252957663894 0.16597482674261005
66 396 0.05304806833406811 0.14313686040174328 0.010021290352751483 0.010021290352751483 0.14313686040174328
67 402 0.060453089881751305 0.12829800040222542 0.008986543368564848 0.008986543368564848 0.12829800040222542
68 408 0.07652039118761167 0.15844459935633803 0.007275032473087585 0.007275032473087585 0.15844459935633803
69 414 0.10095882260452346 0.1740866073773017 0.007372994195166878 0.007372994195166878 0.1740866073773017
70 420 0.16272381729355273 0.1711482796702017 0.008453828367390885 0.008453828367390885 0.1711482796702017
71 426 0.2154220440763261 0.18825513936678526 0.007950439026405584 0.007950439026405584 0.18825513936678526
72 432 0.2845065710733665 0.19379721242701298 0.007380342653598633 0.007380342653598633 0.19379721242701298
73 438 0.32709639048365524 0.19141331302609924 0.009186131273023828 0.009186131273023828 0.19141331302609924
74 444 0.3753038875306842 0.2071568598006775 0.008246406937026718 0.008246406937026718 0.2071568598006775
75 450 0.364941372623063 0.22765641151921004 0.00737876460649644 0.00737876460649644 0.22765641151921004
76 456 0.4443133889072186 0.23311571886351548 0.005859294423448464 0.005859294423448464 0.23311571886351548
77 462 0.3891090498293143 0.23666917455428546 0.006621303270447332 0.006621303270447332 0.23666917455428546
78 468 0.34932034809481943 0.2093746311280226 0.005901697236161644 0.005901697236161644 0.2093746311280226
79 474 0.3324490373490011 0.1883061640031176 0.005776640368592226 0.005776640368592226 0.1883061640031176
80 480 0.24137617474044862 0.17891655615355828 0.005199369258235014 0.005199369258235014 0.17891655615355828
81 486 0.41080572593159503 0.14648487951238937 0.005084405833784746 0.005084405833784746 0.14648487951238937
82 492 0.5204655353587939 0.1909418340661779 0.004750548796534355 0.004750548796534355 0.1909418340661779
83 498 0.5657277811597625 0.16710043747898343 0.0046442673549213845 0.0046442673549213845 0.16710043747898343
84 504 0.4499289847188347 0.1508638076236662 0.005216938538825088 0.005216938538825088 0.1508638076236662
85 510 0.45343767475948255 0.13592455601276215 0.004434882993289304 0.004434882993289304 0.13592455601276215
86 516 0.5409644723255611 0.14999504411716458 0.003541276262365628 0.003541276262365628 0.14999504411716458
87 522 0.4311325099518082 0.17784220758986682 0.0030615024912620287 0.0030615024912620287 0.17784220758986682
88 528 0.4127141580909471 0.18222277451421698 0.0027519112900729766 0.0027519112900729766 0.18222277451421698
89 534 0.3002325269588548 0.16901047712201211 0.0026514639831239015 0.0026514639831239015 0.16901047712201211
90 540 0.28143915701382344 0.15042283411977997 0.0022865690826332275 0.0022865690826332275 0.15042283411977997
91 546 0.40616039348788985 0.14896540769775002 0.00204665620603563 0.00204665620603563 0.14896540769775002
92 552 0.3428503034587943 0.13175346400085935 0.002971520074717912 0.002971520074717912 0.13175346400085935
93 558 0.25791522729987704 0.12009842360803613 0.0027149212525750025 0.0027149212525750025 0.12009842360803613
94 564 0.4016430086290426 0.10746805832180847 0.0023579297105429413 0.0023579297105429413 0.10746805832180847
95 570 0.3295032404730501 0.11980098893979385 0.002321296272374128 0.002321296272374128 0.11980098893979385
96 576 0.3002356863053346 0.1157501627529469 0.0022185542594068087 0.0022185542594068087 0.1157501627529469
97 582 0.36433225247562356 0.11477536438318636 0.0022232986423656657 0.0022232986423656657 0.11477536438318636
98 588 0.3523258258261501 0.13594661050378937 0.0021330530879459545 0.0021330530879459545 0.13594661050378937
99 594 0.2698461838855676 0.126070273561375 0.0018504643737625823 0.0018504643737625823 0.126070273561375
100 600 0.2564057527844648 0.11724943423568393 0.0015946083607766314 0.0015946083607766314 0.11724943423568393
101 606 0.25849685294315206 0.11782442430380284 0.0015327247696356623 0.0015327247696356623 0.11782442430380284
102 612 0.261791991142507 0.13433113170821703 0.0012362222778295382 0.0012362222778295382 0.13433113170821703
103 618 0.25286287213418845 0.12317678680729933 0.0012020947177851203 0.0012020947177851203 0.12317678680729933
104 624 0.2178552833735193 0.12344623281003447 0.0011294199479220327 0.0011294199479220327 0.12344623281003447
105 630 0.2057318960368507 0.10737659670209608 0.0010743450546780793 0.0010743450546780793 0.10737659670209608
106 636 0.1923995389868558 0.09633436500598001 0.0010571189179663701 0.0010571189179663701 0.09633436500598001
107 642 0.21117488949763502 0.08439577634310734 0.0010128285123255705 0.0010128285123255705 0.08439577634310734
108 648 0.20303607372269025 0.08390574576957724 0.000988333866206867 0.000988333866206867 0.08390574576957724
109 654 0.15730404529864717 0.07187493708082122 0.0011512924127740787 0.0011512924127740787 0.07187493708082122
110 660 0.13784829579717467 0.06291577302058408 0.001080280104271178 0.001080280104271178 0.06291577302058408
111 666 0.1489208978063365 0.057045772982688654 0.0009994957949811289 0.0009994957949811289 0.057045772982688654
112 672 0.14768555603993622 0.054495621831948685 0.0010933930732425637 0.0010933930732425637 0.054495621831948685
113 678 0.2661490467679849 0.04731115266141636 0.00110100622288857 0.00110100622288857 0.04731115266141636
114 684 0.6011101416862055 0.04850108604193344 0.0012933217180191403 0.0012933217180191403 0.04850108604193344
115 690 0.9293354210189316 0.04904433465187239 0.0014364799718455583 0.0014364799718455583 0.04904433465187239
116 696 0.9291777277680197 0.05092705293894401 0.0015204841991519182 0.0015204841991519182 0.05092705293894401
117 702 1.1845445667923684 0.04447272385071141 0.001370097856944815 0.001370097856944815 0.04447272385071141
118 708 1.5831376946952294 0.042177821044952844 0.001702552778504649 0.001702552778504649 0.042177821044952844
119 714 1.7552057648326187 0.04388016034375537 0.001855892138066397 0.001855892138066397 0.04388016034375537
120 720 1.9902650412108849 0.047226496561083804 0.0016995388644328987 0.0016995388644328987 0.047226496561083804
121 726 1.4866469980462347 0.053896163127527076 0.0014052060978924554 0.0014052060978924554 0.053896163127527076
122 732 1.3017435162388316 0.049482249023351056 0.001266563449563038 0.001266563449563038 0.049482249023351056
123 738 1.2934889324563281 0.04298238131357405 0.0012040217411238428 0.0012040217411238428 0.04298238131357405
124 744 1.3944781801784567 0.04632192536780494 0.0010197048069843662 0.0010197048069843662 0.04632192536780494
125 750 1.818988383960428 0.0494546233240367 0.0009427291866944039 0.0009427291866944039 0.0494546233240367
126 756 1.5294691658867519 0.054939916096439875 0.001003281204345442 0.001003281204345442 0.054939916096439875
127 762 1.4454857809138553 0.05262603678560337 0.000907867472301079 0.000907867472301079 0.05262603678560337
128 768 2.0990484012408386 0.04913266597926337 0.0008405325455848666 0.0008405325455848666 0.04913266597926337
129 774 1.9896606347912975 0.07397574147757324 0.0006949317374863645 0.0006949317374863645 0.07397574147757324
130 780 1.7761859990045044 0.08521677578822796 0.0006375212563443668 0.0006375212563443668 0.08521677578822796
131 786 1.790784847701763 0.08043020011422555 0.0005859191544308386 0.0005859191544308386 0.08043020011422555
132 792 1.3557543839565613 0.08518121074494882 0.0004961971321478545 0.0004961971321478545 0.08518121074494882
133 798 1.1443500835232754 0.06801694040929081 0.00047281482540972603 0.00047281482540972603 0.06801694040929081
134 804 1.20299666817352 0.05934790392561286 0.0004515195092787426 0.0004515195092787426 0.05934790392561286
135 810 1.3413849142224383 0.05603724668076949 0.0004687250365282447 0.0004687250365282447 0.05603724668076949
136 816 1.6664916928351214 0.06636642238118472 0.00041997325404157567 0.00041997325404157567 0.06636642238118472
137 822 1.6386947751214356 0.06357963622138063 0.0005125945622410271 0.0005125945622410271 0.06357963622138063
138 828 1.5537498719574503 0.05851524535292108 0.00046822564130335293 0.00046822564130335293 0.05851524535292108
139 834 1.5327816284399256 0.04781339758966277 0.0004889836328478439 0.0004889836328478439 0.04781339758966277
140 840 1.2580483663966768 0.04754580094168826 0.0004985227034223922 0.0004985227034223922 0.04754580094168826
141 846 0.9683603829862297 0.04529700386583461 0.0004191806402586976 0.0004191806402586976 0.04529700386583461
142 852 0.745280483071069 0.04348351611851635 0.00035812327697318805 0.00035812327697318805 0.04348351611851635
143 858 0.566524645460853 0.041380910849869314 0.0003383420320240208 0.0003383420320240208 0.041380910849869314
144 864 0.6815807956512565 0.04059315404183039 0.0002730256260603877 0.0002730256260603877 0.04059315404183039
145 870 0.7576976839169275 0.04092163934110557 0.0002932203473816344 0.0002932203473816344 0.04092163934110557
146 876 0.6632272329328494 0.040872574907439084 0.00027189423526391714 0.00027189423526391714 0.040872574907439084
147 882 0.5358226666635109 0.032801954684050484 0.000291718684989397 0.000291718684989397 0.032801954684050484
148 888 0.42619337972155497 0.030340857139264165 0.00024951984426393813 0.00024951984426393813 0.030340857139264165
149 894 0.5076638398047963 0.02850994132346196 0.0002191853135851337 0.0002191853135851337 0.02850994132346196
150 900 0.7289210694277559 0.029229342487037013 0.00022442640367848548 0.00022442640367848548 0.029229342487037013
151 906 0.6683706803971827 0.025547408616129932 0.00030244223302045416 0.00030244223302045416 0.025547408616129932
152 912 0.5973942295571795 0.0248394202250372 0.0002599538042810212 0.0002599538042810212 0.0248394202250372
153 918 0.5333467531189372 0.02120811804764008 0.00024258815849911695 0.00024258815849911695 0.02120811804764008
154 924 0.4353227336369458 0.01993319287027036 0.00022149995820614177 0.00022149995820614177 0.01993319287027036
155 930 0.4174938836377675 0.019614318956843953 0.0001820949710120573 0.0001820949710120573 0.019614318956843953
156 936 0.3250037456663348 0.01603338695993516 0.00020042448705127446 0.00020042448705127446 0.01603338695993516
157 942 0.2864361192971325 0.01423672451433071 0.00018046948196248088 0.00018046948196248088 0.01423672451433071
158 948 0.2489528500377907 0.013518527344393055 0.00016438341845045486 0.00016438341845045486 0.013518527344393055
159 954 0.2818216805523104 0.012813952798700274 0.00014460998086056613 0.00014460998086056613 0.012813952798700274
160 960 0.24610981917474237 0.011080501663631868 0.00017290591076405987 0.00017290591076405987 0.011080501663631868
161 966 0.21019800982839773 0.009918366443750874 0.00016293121155915575 0.00016293121155915575 0.009918366443750874
162 972 0.29659437401281163 0.008890907667282394 0.00015739668867230575 0.00015739668867230575 0.008890907667282394
163 978 0.5113993652325889 0.010585488837991451 0.00017306379673283638 0.00017306379673283638 0.010585488837991451
164 984 0.40414139326767373 0.01204610976420678 0.000180468330178763 0.000180468330178763 0.01204610976420678
165 990 0.32518156815977317 0.01133422048214678 0.00016819060294635411 0.00016819060294635411 0.01133422048214678
166 996 0.27727110415654393 0.009741186142802076 0.0001563174972069157 0.0001563174972069157 0.009741186142802076
167 1002 0.2857712187984114 0.009875635552639582 0.00013849737056344244 0.00013849737056344244 0.009875635552639582
168 1008 0.2585518675062241 0.010444982713535517 0.00012382175646815814 0.00012382175646815814 0.010444982713535517
169 1014 0.25810067985041946 0.009056404818322799 0.00012100472818223483 0.00012100472818223483 0.009056404818322799
170 1020 0.3080472394609174 0.008771579308583273 0.00011413953269702526 0.00011413953269702526 0.008771579308583273
171 1026 0.2749779180553074 0.008633123427277355 0.0001299628957987908 0.0001299628957987908 0.008633123427277355
172 1032 0.3920272508206064 0.007966809250010304 0.00011567338293146361 0.00011567338293146361 0.007966809250010304
173 1038 0.35861641829189855 0.011097381039250172 0.00010425830763433031 0.00010425830763433031 0.011097381039250172
174 1044 0.29347706216788966 0.010353055827797438 9.196541000556901e-05 9.196541000556901e-05 0.010353055827797438
175 1050 0.2541017659881368 0.010233681176678446 8.205817745420616e-05 8.205817745420616e-05 0.010233681176678446
176 1056 0.22223148818994617 0.009364218121010242 7.380339502967103e-05 7.380339502967103e-05 0.009364218121010242
177 1062 0.17731548320273555 0.009459702985673732 6.246341349114234e-05 6.246341349114234e-05 0.009459702985673732
178 1068 0.18020724615078243 0.008706684219635163 5.5498905919908706e-05 5.5498905919908706e-05 0.008706684219635163
179 1074 0.1816668939827798 0.008107946062008571 5.7430704892513477e-05 5.7430704892513477e-05 0.008107946062008571
180 1080 0.14205422071333387 0.007062730023168761 6.588446454255778e-05 6.588446454255778e-05 0.007062730023168761
181 1086 0.13159586658759503 0.006747357475804286 5.608391107680245e-05 5.608391107680245e-05 0.006747357475804286
182 1092 0.12614212639384817 0.006342212730081261 5.087723211041098e-05 5.087723211041098e-05 0.006342212730081261
183 1098 0.11511428272537035 0.005334654303868026 5.44841356697014e-05 5.44841356697014e-05 0.005334654303868026
184 1104 0.10318045407034294 0.004735036545029658 5.311392404824474e-05 5.311392404824474e-05 0.004735036545029658
185 1110 0.10116454703152446 0.004371307744672086 4.9714302845735826e-05 4.9714302845735826e-05 0.004371307744672086
186 1116 0.0826298961873243 0.004497839893103478 4.279477083105211e-05 4.279477083105211e-05 0.004497839893103478
187 1122 0.09815715799000183 0.004492340255187534 3.4480688788446196e-05 3.4480688788446196e-05 0.004492340255187534
188 1128 0.08539251121033702 0.004245146603561415 4.0256256981380425e-05 4.0256256981380425e-05 0.004245146603561415
189 1134 0.08607542972173914 0.00414452582686618 3.5785859340897605e-05 3.5785859340897605e-05 0.00414452582686618
190 1140 0.10153040917915995 0.003725737422287222 3.550743096256487e-05 3.550743096256487e-05 0.003725737422287222
191 1146 0.12034365988825728 0.004120799507620037 3.498058186036891e-05 3.498058186036891e-05 0.004120799507620037
192 1152 0.13161744222091099 0.003774595278763182 3.790578057122851e-05 3.790578057122851e-05 0.003774595278763182
193 1158 0.17618061596979573 0.0034421702812682756 3.9071434841067795e-05 3.9071434841067795e-05 0.0034421702812682756
194 1164 0.15129365785372398 0.003562804220421364 4.559620091837661e-05 4.559620091837661e-05 0.003562804220421364
195 1170 0.11710894003997376 0.0035812957049236836 3.7590292357489865e-05 3.7590292357489865e-05 0.0035812957049236836
196 1176 0.13018448095900717 0.003307811034886349 3.223774134320948e-05 3.223774134320948e-05 0.003307811034886349
197 1182 0.11092626699535664 0.003304554242657048 3.469735978041192e-05 3.469735978041192e-05 0.003304554242657048
198 1188 0.11556577191684132 0.002831836057208345 3.280439960400918e-05 3.280439960400918e-05 0.002831836057208345
199 1194 0.0959666025520581 0.0028868337600077066 3.1122605224057256e-05 3.1122605224057256e-05 0.0028868337600077066
200 1200 0.11110077228447054 0.0028314600933250075 2.763696514685817e-05 2.763696514685817e-05 0.0028314600933250075
201 1206 0.08441028705798329 0.0034473818320663557 2.4168813260502832e-05 2.4168813260502832e-05 0.0034473818320663557
202 1212 0.09712453810920313 0.0028803350690781273 2.3455806635753287e-05 2.3455806635753287e-05 0.0028803350690781273
203 1218 0.07470516841555051 0.002942688672221064 2.4113511299984818e-05 2.4113511299984818e-05 0.002942688672221064
204 1224 0.08113850540844675 0.002618700121500631 2.2117815319427103e-05 2.2117815319427103e-05 0.002618700121500631
205 1230 0.07665239621373598 0.002802460163995492 2.246223233027869e-05 2.246223233027869e-05 0.002802460163995492
206 1236 0.08315750536551653 0.002794858791033628 1.988074056401759e-05 1.988074056401759e-05 0.002794858791033628
207 1242 0.08808419234895551 0.0026412933026180043 1.9533567166975366e-05 1.9533567166975366e-05 0.0026412933026180043
208 1248 0.10563679051501504 0.0026093925660632717 1.900838299571978e-05 1.900838299571978e-05 0.0026093925660632717
209 1254 0.13579463782325604 0.0023800064614401943 2.361822853663998e-05 2.361822853663998e-05 0.0023800064614401943
210 1260 0.24532334046463675 0.0026283353494821696 2.4822026962193058e-05 2.4822026962193058e-05 0.0026283353494821696
211 1266 0.2770720160264694 0.003110917796405023 2.169560088341697e-05 2.169560088341697e-05 0.003110917796405023
212 1272 0.21137663183379596 0.002945371411843347 2.0689403162984152e-05 2.0689403162984152e-05 0.002945371411843347
213 1278 0.19221017292288387 0.002643690137560725 1.834326040972089e-05 1.834326040972089e-05 0.002643690137560725
214 1284 0.1598144406576666 0.002454492596994593 1.737851743925617e-05 1.737851743925617e-05 0.002454492596994593
215 1290 0.1914511932289247 0.002241744612626281 1.5908391562767274e-05 1.5908391562767274e-05 0.002241744612626281
216 1296 0.23439570951449165 0.0025824198113616826 1.6637693070339204e-05 1.6637693070339204e-05 0.0025824198113616826
217 1302 0.20422921044277254 0.0022773209448651117 2.0059304496607767e-05 2.0059304496607767e-05 0.0022773209448651117
218 1308 0.16296527521957319 0.0023385696063341465 1.727559000827636e-05 1.727559000827636e-05 0.0023385696063341465
219 1314 0.14063266568512897 0.0020801190730692296 1.6128040233660017e-05 1.6128040233660017e-05 0.0020801190730692296
220 1320 0.11165377821451893 0.0019254960845461258 1.4769216510393937e-05 1.4769216510393937e-05 0.0019254960845461258
221 1326 0.10740827320662438 0.0019283632932112923 1.2664757834536874e-05 1.2664757834536874e-05 0.0019283632932112923
222 1332 0.10532317504079643 0.0020729323064830442 1.0186434701602968e-05 1.0186434701602968e-05 0.0020729323064830442
223 1338 0.10969006004605963 0.002025279161997631 9.182466393804053e-06 9.182466393804053e-06 0.002025279161997631
224 1344 0.11966893761404328 0.0019652990147085783 9.082096616978883e-06 9.082096616978883e-06 0.0019652990147085783
225 1350 0.08623118924662633 0.001994983352234149 8.590484120822731e-06 8.590484120822731e-06 0.001994983352234149
226 1356 0.07119429034829444 0.0017382633514547302 7.829830544028816e-06 7.829830544028816e-06 0.0017382633514547302
227 1362 0.05911106957263403 0.0015505413667977132 7.119854550970183e-06 7.119854550970183e-06 0.0015505413667977132
228 1368 0.04497213115147457 0.0014004719324184245 6.545958800423664e-06 6.545958800423664e-06 0.0014004719324184245
229 1374 0.052438787253226 0.001213393562054044 5.933575115182082e-06 5.933575115182082e-06 0.001213393562054044
230 1380 0.04200507244927268 0.0013640832731231889 5.7954557058255534e-06 5.7954557058255534e-06 0.0013640832731231889
231 1386 0.04160383397887003 0.0012113788400747235 5.255337528043511e-06 5.255337528043511e-06 0.0012113788400747235
232 1392 0.05345628860986714 0.0011118753920889234 5.663304656849435e-06 5.663304656849435e-06 0.0011118753920889234
233 1398 0.062044564977639625 0.001413440853941172 5.408652130309707e-06 5.408652130309707e-06 0.001413440853941172
234 1404 0.055861239345629955 0.0015156369913099806 5.246542099790664e-06 5.246542099790664e-06 0.0015156369913099806
235 1410 0.07317728490092089 0.0015085462005706475 5.134725021440113e-06 5.134725021440113e-06 0.0015085462005706475
236 1416 0.08928177267279411 0.0020564796876103007 4.497777778367757e-06 4.497777778367757e-06 0.0020564796876103007
237 1422 0.07337963943730846 0.0022755343448999958 4.068314486519423e-06 4.068314486519423e-06 0.0022755343448999958
238 1428 0.05384367016158568 0.002147761654447766 3.891939111407155e-06 3.891939111407155e-06 0.002147761654447766
239 1434 0.0416610831842985 0.00177787490452097 3.5705550959258434e-06 3.5705550959258434e-06 0.00177787490452097
240 1440 0.03513513354229044 0.0015200874471665636 3.206816400136024e-06 3.206816400136024e-06 0.0015200874471665636
241 1446 0.02512621581420362 0.0014357090554060117 2.8405485238743605e-06 2.8405485238743605e-06 0.0014357090554060117
242 1452 0.02502695354091335 0.0011941786346003006 2.6116258810709363e-06 2.6116258810709363e-06 0.0011941786346003006
243 1458 0.0254620880695543 0.0011833555257171563 2.5159903672262154e-06 2.5159903672262154e-06 0.0011833555257171563
244 1464 0.03279068093415216 0.0009536760782650918 2.6957586394588967e-06 2.6957586394588967e-06 0.0009536760782650918
245 1470 0.03369031821436217 0.0009305323213002065 3.3662494986345253e-06 3.3662494986345253e-06 0.0009305323213002065
246 1476 0.027141642186961707 0.0009693384939921026 2.977212896708526e-06 2.977212896708526e-06 0.0009693384939921026
247 1482 0.021810224458259843 0.000898365287173993 2.489399736107648e-06 2.489399736107648e-06 0.000898365287173993
248 1488 0.024211487085094106 0.0007308388596240171 2.398155940830394e-06 2.398155940830394e-06 0.0007308388596240171
249 1494 0.021904040259729432 0.0007894802042885605 2.4507140001017876e-06 2.4507140001017876e-06 0.0007894802042885605
250 1500 0.017151274735531217 0.0007801109720729208 2.097897095144752e-06 2.097897095144752e-06 0.0007801109720729208
251 1506 0.016370351015040974 0.000710673298673784 1.8749147927640567e-06 1.8749147927640567e-06 0.000710673298673784
252 1512 0.013966049179438793 0.0007030217489785111 1.7719446619928203e-06 1.7719446619928203e-06 0.0007030217489785111
253 1518 0.019022449427910367 0.0006778203348815419 1.6807664763911914e-06 1.6807664763911914e-06 0.0006778203348815419
254 1524 0.025786812041047227 0.0008892926097842328 1.6318108115377538e-06 1.6318108115377538e-06 0.0008892926097842328
255 1530 0.03028380414888662 0.001074129049583399 1.3568299580819753e-06 1.3568299580819753e-06 0.001074129049583399
256 1536 0.02940593288943748 0.0011142194638134565 1.2499698444405022e-06 1.2499698444405022e-06 0.0011142194638134565
257 1542 0.029526120652420242 0.0013158393780180987 9.99938099400963e-07 9.99938099400963e-07 0.0013158393780180987
258 1548 0.024488003306985657 0.0012188969381936123 9.487845970877387e-07 9.487845970877387e-07 0.0012188969381936123
259 1554 0.023769297280130625 0.001122027335016136 9.297315202489561e-07 9.297315202489561e-07 0.001122027335016136
260 1560 0.03526394011581631 0.0011720354912524943 7.98367830444354e-07 7.98367830444354e-07 0.0011720354912524943
261 1566 0.036908693710368284 0.0011497661967420606 8.588443657854247e-07 8.588443657854247e-07 0.0011497661967420606
262 1572 0.031914353405741315 0.0013553394913147728 8.202406243587604e-07 8.202406243587604e-07 0.0013553394913147728
263 1578 0.029317645634766732 0.0011631769650092333 8.048702299832624e-07 8.048702299832624e-07 0.0011631769650092333
264 1584 0.03128035749445034 0.001025631060026908 7.872017091968939e-07 7.872017091968939e-07 0.001025631060026908
265 1590 0.02669481647501741 0.001119753044269275 6.900145484619622e-07 6.900145484619622e-07 0.001119753044269275
266 1596 0.02689074055260474 0.0009681313730110772 6.842587545650214e-07 6.842587545650214e-07 0.0009681313730110772
267 1602 0.027128716203948747 0.0010483161895001555 6.122205999471912e-07 6.122205999471912e-07 0.0010483161895001555
268 1608 0.02203038255710822 0.0010571820946134152 5.376132962947032e-07 5.376132962947032e-07 0.0010571820946134152
269 1614 0.023380434890194368 0.001002720821055557 4.7188675692259015e-07 4.7188675692259015e-07 0.001002720821055557
270 1620 0.02558414273516436 0.0008567003323446573 5.267687220821829e-07 5.267687220821829e-07 0.0008567003323446573
271 1626 0.02138043112458902 0.0007624842982142145 5.595443299001921e-07 5.595443299001921e-07 0.0007624842982142145
272 1632 0.025264001164480437 0.0006372269707091577 5.219495010524008e-07 5.219495010524008e-07 0.0006372269707091577
273 1638 0.03184461451845959 0.0007679829761548783 4.839034171468024e-07 4.839034171468024e-07 0.0007679829761548783
274 1644 0.03504090274438888 0.0007720211492392086 5.181466425669626e-07 5.181466425669626e-07 0.0007720211492392086
275 1650 0.03857152007382804 0.00088679380007891 5.168208650152755e-07 5.168208650152755e-07 0.00088679380007891
276 1656 0.0469979948153439 0.0008817049303761703 5.173919194090182e-07 5.173919194090182e-07 0.0008817049303761703
277 1662 0.047297428545937624 0.000806181392321192 6.058662145267607e-07 6.058662145267607e-07 0.000806181392321192
278 1668 0.044249379886019576 0.0006947999149600413 6.087254625865575e-07 6.087254625865575e-07 0.0006947999149600413
279 1674 0.03208148963390963 0.0007393769107275582 5.219829397304738e-07 5.219829397304738e-07 0.0007393769107275582
280 1680 0.026296636151776912 0.0007579601811033596 4.119551880230377e-07 4.119551880230377e-07 0.0007579601811033596
281 1686 0.02970642009207986 0.0006649007722997713 3.783948901208775e-07 3.783948901208775e-07 0.0006649007722997713
282 1692 0.04010693145425577 0.000609210712359832 4.2210670657913715e-07 4.2210670657913715e-07 0.000609210712359832
283 1698 0.03958510871660817 0.0007652003289734382 4.1903568286085343e-07 4.1903568286085343e-07 0.0007652003289734382
284 1704 0.04064923948140783 0.0008060436248285304 4.60086176814511e-07 4.60086176814511e-07 0.0008060436248285304
285 1710 0.029178581908412677 0.0008780775307147815 4.207774549483608e-07 4.207774549483608e-07 0.0008780775307147815
286 1716 0.03590827494942749 0.0008072629508717285 3.5507738328142067e-07 3.5507738328142067e-07 0.0008072629508717285
287 1722 0.030056416644598065 0.0008679765810732886 3.608711847114075e-07 3.608711847114075e-07 0.0008679765810732886
288 1728 0.023792381347505415 0.0008528055369997992 2.9138420570962865e-07 2.9138420570962865e-07 0.0008528055369997992
289 1734 0.020945803660756487 0.0008333683653984082 2.3636757276722055e-07 2.3636757276722055e-07 0.0008333683653984082
290 1740 0.025375320191382167 0.0007668018830103728 2.1210293533057492e-07 2.1210293533057492e-07 0.0007668018830103728
291 1746 0.025777802117599877 0.0010128458797508818 1.740085806756912e-07 1.740085806756912e-07 0.0010128458797508818
292 1752 0.024701785807454735 0.0010191166167538733 1.4605128237865746e-07 1.4605128237865746e-07 0.0010191166167538733
293 1758 0.02263963736727527 0.0009599597361428034 1.450339127714209e-07 1.450339127714209e-07 0.0009599597361428034
294 1764 0.030944272082913782 0.0009456276917581426 1.2329313758186223e-07 1.2329313758186223e-07 0.0009456276917581426
295 1770 0.05353030149918227 0.0010771360536662963 1.2385682036305153e-07 1.2385682036305153e-07 0.0010771360536662963
296 1776 0.07576107098078842 0.001193762027334671 1.252996491136075e-07 1.252996491136075e-07 0.001193762027334671
297 1782 0.14448355222891837 0.001342085961214476 9.893423312131353e-08 9.893423312131353e-08 0.001342085961214476
298 1788 0.19959534203342713 0.0014359929721141109 1.0196612233650444e-07 1.0196612233650444e-07 0.0014359929721141109
299 1794 0.1545110639366139 0.00142759696097026 1.0356987391406298e-07 1.0356987391406298e-07 0.00142759696097026
300 1800 0.14629459987411972 0.0013091610742132945 9.02969664429521e-08 9.02969664429521e-08 0.0013091610742132945
301 1806 0.14110787071999603 0.0014193644220970335 7.745063490645632e-08 7.745063490645632e-08 0.0014193644220970335
302 1812 0.1561276167408858 0.001403403929156639 6.66371942203972e-08 6.66371942203972e-08 0.001403403929156639
303 1818 0.14099487895044782 0.0013240492277985007 7.093335748450387e-08 7.093335748450387e-08 0.0013240492277985007
304 1824 0.1300150462545759 0.001269273765247401 6.440278026718665e-08 6.440278026718665e-08 0.001269273765247401
305 1830 0.11820299879042075 0.0010451321861626604 6.93054666399069e-08 6.93054666399069e-08 0.0010451321861626604
306 1836 0.1275322638459327 0.0008985015643348204 6.765638654591871e-08 6.765638654591871e-08 0.0008985015643348204
307 1842 0.13671840459796342 0.001063640355089766 6.104974488368621e-08 6.104974488368621e-08 0.001063640355089766
308 1848 0.2297277261447509 0.0008959274215428244 7.277098408547414e-08 7.277098408547414e-08 0.0008959274215428244
309 1854 0.20388857450958967 0.0009066434189341773 8.20729805313406e-08 8.20729805313406e-08 0.0009066434189341773
310 1860 0.18797585039426273 0.0008708507622721731 7.138447797530894e-08 7.138447797530894e-08 0.0008708507622721731
311 1866 0.13969847591452245 0.0009546772745776417 6.479687281422562e-08 6.479687281422562e-08 0.0009546772745776417
312 1872 0.15934137769246887 0.0008233521860298581 6.09874199585282e-08 6.09874199585282e-08 0.0008233521860298581
313 1878 0.1725869067048199 0.000934275025252898 5.898968358395966e-08 5.898968358395966e-08 0.000934275025252898
314 1884 0.1703696035978701 0.0009988535811069421 5.226154720699078e-08 5.226154720699078e-08 0.0009988535811069421
315 1890 0.14814059318393433 0.0009707436423016286 4.9707939128311656e-08 4.9707939128311656e-08 0.0009707436423016286
316 1896 0.16522137331045628 0.0008920992478282852 4.7181352125564724e-08 4.7181352125564724e-08 0.0008920992478282852
317 1902 0.14746829667138292 0.0007584948349772961 5.7232238293568076e-08 5.7232238293568076e-08 0.0007584948349772961
318 1908 0.15014802299796032 0.0006950757456573512 5.81469269906512e-08 5.81469269906512e-08 0.0006950757456573512
319 1914 0.14283403474061918 0.0007706903875342342 5.139072541135972e-08 5.139072541135972e-08 0.0007706903875342342
320 1920 0.14071481720876294 0.0006902871731926587 4.974967392425136e-08 4.974967392425136e-08 0.0006902871731926587
321 1926 0.13148520429310578 0.000611592081649055 4.9916490470466834e-08 4.9916490470466834e-08 0.000611592081649055
322 1932 0.1252704459606758 0.0005671017745514519 4.531129607400469e-08 4.531129607400469e-08 0.0005671017745514519
323 1938 0.1702249895828074 0.0006135162448763916 3.97759811821582e-08 3.97759811821582e-08 0.0006135162448763916
324 1944 0.14577523991245642 0.0006419400881846492 4.791058632943237e-08 4.791058632943237e-08 0.0006419400881846492
325 1950 0.14274364089664265 0.000647395164802524 3.793676025351316e-08 3.793676025351316e-08 0.000647395164802524
326 1956 0.11396521299032168 0.0006306263550312667 3.467811805732019e-08 3.467811805732019e-08 0.0006306263550312667
327 1962 0.1082391036641887 0.0006031797961299621 3.0231007531339056e-08 3.0231007531339056e-08 0.0006031797961299621
328 1968 0.15568713809684978 0.0005712888525501729 3.02500207196899e-08 3.02500207196899e-08 0.0005712888525501729
329 1974 0.20257700525213831 0.0008835666976270929 2.5753455547751334e-08 2.5753455547751334e-08 0.0008835666976270929
330 1980 0.21393721811873784 0.0010600019333389071 2.3595962531439806e-08 2.3595962531439806e-08 0.0010600019333389071
331 1986 0.22192319967562268 0.0010273522982364924 2.2424207464961527e-08 2.2424207464961527e-08 0.0010273522982364924
332 1992 0.18635805723205917 0.0009249858369919006 2.29285244799577e-08 2.29285244799577e-08 0.0009249858369919006
333 1998 0.14493138826358362 0.0009000429275732404 1.9268948299742582e-08 1.9268948299742582e-08 0.0009000429275732404
334 2004 0.10514311747308386 0.0009142883359563197 1.6035858066057472e-08 1.6035858066057472e-08 0.0009142883359563197
335 2010 0.08588314947948318 0.0008324676997618736 1.3781867479645322e-08 1.3781867479645322e-08 0.0008324676997618736
336 2016 0.07735076528026165 0.0008093012465638087 1.1315227490008952e-08 1.1315227490008952e-08 0.0008093012465638087
337 2022 0.08134194262439186 0.0006755098596646238 1.1528832705387735e-08 1.1528832705387735e-08 0.0006755098596646238
338 2028 0.12139893357960246 0.0006378151571013047 1.1625261525192158e-08 1.1625261525192158e-08 0.0006378151571013047
339 2034 0.10496819012750669 0.0007178567697507396 1.0915239497809494e-08 1.0915239497809494e-08 0.0007178567697507396
340 2040 0.10016010148575771 0.0008213165126876469 1.094379086903482e-08 1.094379086903482e-08 0.0008213165126876469
341 2046 0.07366228300300283 0.0006995098164029423 1.0890337714897262e-08 1.0890337714897262e-08 0.0006995098164029423
342 2052 0.06677548924361787 0.0005567667488349618 1.036515332108337e-08 1.036515332108337e-08 0.0005567667488349618
343 2058 0.054685850082806686 0.0004586566303939885 1.0411852469941512e-08 1.0411852469941512e-08 0.0004586566303939885
344 2064 0.05833030825185795 0.0004243527626924799 9.131909800242908e-09 9.131909800242908e-09 0.0004243527626924799
345 2070 0.07979464702873397 0.0004164382093126572 9.479878278932886e-09 9.479878278932886e-09 0.0004164382093126572
346 2076 0.06981696722458482 0.0005457938764858963 8.859984034306506e-09 8.859984034306506e-09 0.0005457938764858963
347 2082 0.07924723438770483 0.0005239311425464104 7.2717740432073356e-09 7.2717740432073356e-09 0.0005239311425464104
348 2088 0.0910836498744386 0.0005963311102221997 6.488668716700435e-09 6.488668716700435e-09 0.0005963311102221997
349 2094 0.1029324102593959 0.0006807281213549804 5.291466241925547e-09 5.291466241925547e-09 0.0006807281213549804
350 2100 0.12857591682302377 0.0007466690019788205 4.8107350206272895e-09 4.8107350206272895e-09 0.0007466690019788205
351 2106 0.13286455901274016 0.0006296684332705695 5.9641888088976695e-09 5.9641888088976695e-09 0.0006296684332705695
352 2112 0.10170095938057803 0.0005780733293101265 6.8890243529479195e-09 6.8890243529479195e-09 0.0005780733293101265
353 2118 0.0764767845802329 0.0005276085428501782 6.007602091604019e-09 6.007602091604019e-09 0.0005276085428501782
354 2124 0.06834137332989372 0.0004639092322245898 5.320872919405277e-09 5.320872919405277e-09 0.0004639092322245898
355 2130 0.06572072894461181 0.0004408182928957511 4.828828602898588e-09 4.828828602898588e-09 0.0004408182928957511
356 2136 0.07121519242320772 0.0004401162961237475 4.210889629190154e-09 4.210889629190154e-09 0.0004401162961237475
357 2142 0.05380294499403835 0.0004894536742928979 3.662712564284668e-09 3.662712564284668e-09 0.0004894536742928979
358 2148 0.043685031984228795 0.0004138450753481306 3.62597240882585e-09 3.62597240882585e-09 0.0004138450753481306
359 2154 0.04324900492270611 0.00035536859399044185 3.5096985445015108e-09 3.5096985445015108e-09 0.00035536859399044185
360 2160 0.042510502637223876 0.0003700641523177367 3.088073863313666e-09 3.088073863313666e-09 0.0003700641523177367
361 2166 0.03508300670410877 0.00042095132231531943 2.7659207732988743e-09 2.7659207732988743e-09 0.00042095132231531943
362 2172 0.03294808593084762 0.0003864595933123811 2.484574752930396e-09 2.484574752930396e-09 0.0003864595933123811
363 2178 0.03328004856055014 0.00038129716436388953 2.2979194485601144e-09 2.2979194485601144e-09 0.00038129716436388953
364 2184 0.0284699985254918 0.00040019155450185263 1.9037258248261083e-09 1.9037258248261083e-09 0.00040019155450185263
365 2190 0.03826049389711747 0.0003665461237547498 1.673608276219869e-09 1.673608276219869e-09 0.0003665461237547498
366 2196 0.06979776275851901 0.0004999142235003438 1.606181355218348e-09 1.606181355218348e-09 0.0004999142235003438
367 2202 0.1123550068619349 0.0004811033412767899 1.9266226869652306e-09 1.9266226869652306e-09 0.0004811033412767899
368 2208 0.15035541103775166 0.0004600634249284063 1.890713900333054e-09 1.890713900333054e-09 0.0004600634249284063
369 2214 0.1306764828597686 0.0004400570028180979 1.817008610881134e-09 1.817008610881134e-09 0.0004400570028180979
370 2220 0.1064578969727748 0.0004080346416032699 1.4991259754175007e-09 1.4991259754175007e-09 0.0004080346416032699
371 2226 0.09582864851024944 0.0003791352532279467 1.2580678540074455e-09 1.2580678540074455e-09 0.0003791352532279467
372 2232 0.10626026889762102 0.0003566488606160629 1.2413620269449959e-09 1.2413620269449959e-09 0.0003566488606160629
373 2238 0.13350464143783766 0.0003965426502437943 1.195216062001746e-09 1.195216062001746e-09 0.0003965426502437943
374 2244 0.12857139342264484 0.0004878397915170717 1.0136712190757443e-09 1.0136712190757443e-09 0.0004878397915170717
375 2250 0.10841414782165694 0.0004402498457477263 9.776388543300134e-10 9.776388543300134e-10 0.0004402498457477263
376 2256 0.09420771025554113 0.00042754934401950266 8.591931029632282e-10 8.591931029632282e-10 0.00042754934401950266
377 2262 0.11075870068439073 0.0004005918085782199 7.702362374560042e-10 7.702362374560042e-10 0.0004005918085782199
378 2268 0.10820894617656451 0.0003415614686465361 9.600824300252728e-10 9.600824300252728e-10 0.0003415614686465361
379 2274 0.11733471143049604 0.00034635995612511807 8.485622731967543e-10 8.485622731967543e-10 0.00034635995612511807
380 2280 0.10825264659586033 0.00035355688767841053 8.14640565300459e-10 8.14640565300459e-10 0.00035355688767841053
381 2286 0.0829656531485747 0.00032526141111003553 8.085437311500495e-10 8.085437311500495e-10 0.00032526141111003553
382 2292 0.06144232276166511 0.0003164770614674965 6.390753271891914e-10 6.390753271891914e-10 0.0003164770614674965
383 2298 0.06894846749302318 0.00028861084988066857 5.511599801070259e-10 5.511599801070259e-10 0.00028861084988066857
384 2304 0.0630202252930828 0.00023902910005481662 6.645174507669484e-10 6.645174507669484e-10 0.00023902910005481662
385 2310 0.07590408594788392 0.00020083767560758638 7.499122318103611e-10 7.499122318103611e-10 0.00020083767560758638
386 2316 0.0681291761884215 0.00021171120358357148 7.525194832076563e-10 7.525194832076563e-10 0.00021171120358357148
387 2322 0.08970694619759961 0.00021620925967334148 5.845199668050609e-10 5.845199668050609e-10 0.00021620925967334148
388 2328 0.08656009996197206 0.0001840010508610225 7.984374649141365e-10 7.984374649141365e-10 0.0001840010508610225
389 2334 0.11243905132547725 0.00020580436321671248 6.808934871376217e-10 6.808934871376217e-10 0.00020580436321671248
390 2340 0.15066514711791087 0.000271397844475873 6.340757175691243e-10 6.340757175691243e-10 0.000271397844475873
391 2346 0.16116023757742054 0.000280195478730524 6.935271698350287e-10 6.935271698350287e-10 0.000280195478730524
392 2352 0.16594031783838953 0.000355270431741883 5.881637086256658e-10 5.881637086256658e-10 0.000355270431741883
393 2358 0.16446163225001773 0.00034408353158569486 5.607676535631309e-10 5.607676535631309e-10 0.00034408353158569486
394 2364 0.12109945326956383 0.00029959283863173643 5.975606867866752e-10 5.975606867866752e-10 0.00029959283863173643
395 2370 0.11662344827400103 0.0002813058699707033 4.950115520264344e-10 4.950115520264344e-10 0.0002813058699707033
396 2376 0.13138094458275174 0.0002669669610469295 4.958477721231145e-10 4.958477721231145e-10 0.0002669669610469295
397 2382 0.19302452216298566 0.00025775096866050516 5.671665311165168e-10 5.671665311165168e-10 0.00025775096866050516
398 2388 0.2393898800143171 0.00024768196643334375 7.561724451709606e-10 7.561724451709606e-10 0.00024768196643334375
399 2394 0.2084338082180887 0.00030531179902875424 7.091507913399366e-10 7.091507913399366e-10 0.00030531179902875424
400 2400 0.19746414670952234 0.00027264914114927166 6.43936178553679e-10 6.43936178553679e-10 0.00027264914114927166
401 2406 0.23073329884246743 0.00029686065886600437 5.555958924465193e-10 5.555958924465193e-10 0.00029686065886600437
402 2412 0.19947546576786923 0.0003222273972972056 5.5016381531812e-10 5.5016381531812e-10 0.0003222273972972056
403 2418 0.20906124870033008 0.00027429697416501487 5.671826193484839e-10 5.671826193484839e-10 0.00027429697416501487
404 2424 0.20810969258043174 0.000292416184708188 5.35161320179606e-10 5.35161320179606e-10 0.000292416184708188
405 2430 0.21843308286688004 0.0003108196796496664 4.81034522758894e-10 4.81034522758894e-10 0.0003108196796496664
406 2436 0.23516655884538354 0.0003180137038914117 4.980297921715296e-10 4.980297921715296e-10 0.0003180137038914117
407 2442 0.2146151032329391 0.00040326883692864697 4.1080364021545263e-10 4.1080364021545263e-10 0.00040326883692864697
408 2448 0.24158835207494525 0.0003596981055844421 3.8825531484680297e-10 3.8825531484680297e-10 0.0003596981055844421
409 2454 0.2791873748420949 0.00036187318053355666 4.035832140151281e-10 4.035832140151281e-10 0.00036187318053355666
410 2460 0.21428278573789772 0.0004236732636549329 3.815838375553246e-10 3.815838375553246e-10 0.0004236732636549329
411 2466 0.19027805688880384 1.0000250003125026 1.0 1.0 1.0000250003125026
412 2472 0.21412018142131414 1.0500641170592426 0.8797532653578328 0.8797532653578328 1.0500641170592426
413 2478 0.2728188559520862 1.181102834177871 0.8085602477465049 0.8085602477465049 1.181102834177871
414 2484 0.26455723408238513 1.3893084529733573 0.7951109984970236 0.7951109984970236 1.3893084529733573
415 2490 0.2687055827494876 1.5157831883689716 0.7508441250392448 0.7508441250392448 1.5157831883689716
416 2496 0.345540402740927 1.4290664372554613 0.7361827936083426 0.7361827936083426 1.4290664372554613
417 2502 0.3571904101548015 1.5863705609038132 0.7412316480350261 0.7412316480350261 1.5863705609038132
418 2508 0.425032737634173 1.4887617287402213 0.7182046048889624 0.7182046048889624 1.4887617287402213
419 2514 0.3145397479084177 1.673649313396171 0.6617355889857223 0.6617355889857223 1.673649313396171
420 2520 0.36378409335246553 1.5129124990101916 0.6001718542355614 0.6001718542355614 1.5129124990101916
421 2526 0.40582698451054555 1.6670097502018753 0.6064429678384397 0.6064429678384397 1.6670097502018753
422 2532 0.4519020185521403 1.5554519647102196 0.62298915460717 0.62298915460717 1.5554519647102196
423 2538 0.4196240654854205 1.4802936506202726 0.6585774831985538 0.6585774831985538 1.4802936506202726
424 2544 0.4738772622333248 1.3341258292158564 0.607162050320747 0.607162050320747 1.3341258292158564
425 2550 0.4419573984039928 1.2850663132137266 0.6586706129036876 0.6586706129036876 1.2850663132137266
426 2556 0.34818583744415715 1.271748811801017 0.6021180363252425 0.6021180363252425 1.271748811801017
427 2562 0.27045343079986217 1.0679241533967672 0.585000235338704 0.585000235338704 1.0679241533967672
428 2568 0.28640729855024566 0.897427842713464 0.5661155690680629 0.5661155690680629 0.897427842713464
429 2574 0.28760401348028897 0.9004936732206369 0.5603157062129572 0.5603157062129572 0.9004936732206369
430 2580 0.22858238566815392 0.9477281873105039 0.4803064434023534 0.4803064434023534 0.9477281873105039
431 2586 0.2482340581465797 0.8925020177379611 0.4251569791791547 0.4251569791791547 0.8925020177379611
432 2592 0.21317451273271473 0.8332595216302959 0.46986330317737146 0.46986330317737146 0.8332595216302959
433 2598 0.31424813638298066 0.7028707783002816 0.45224625490269077 0.45224625490269077 0.7028707783002816
434 2604 0.3083601175732815 0.7091547383871807 0.47520808619556604 0.47520808619556604 0.7091547383871807
435 2610 0.23772152194555782 0.658323153355481 0.3940741345307162 0.3940741345307162 0.658323153355481
436 2616 0.23135946687195252 0.5938330247584216 0.3371641719756003 0.3371641719756003 0.5938330247584216
437 2622 0.2263549460251546 0.6132824703186442 0.294581853041497 0.294581853041497 0.6132824703186442
438 2628 0.2296748218026816 0.6092573008559644 0.2681845429520176 0.2681845429520176 0.6092573008559644
439 2634 0.1933597084718467 0.6776500501281925 0.23779443468113848 0.23779443468113848 0.6776500501281925
440 2640 0.20696317771213313 0.6228740411431238 0.2228297631692405 0.2228297631692405 0.6228740411431238
441 2646 0.2687066635434477 0.5991097350129375 0.24996341475043835 0.24996341475043835 0.5991097350129375
442 2652 0.22922846211467116 0.5456763601629822 0.3034919390040005 0.3034919390040005 0.5456763601629822
443 2658 0.24489206799138755 0.5300435627069919 0.26676299239749435 0.26676299239749435 0.5300435627069919
444 2664 0.228671521680396 0.5467345833007952 0.25916605558736405 0.25916605558736405 0.5467345833007952
445 2670 0.23823083107205842 0.5129915842287501 0.23685187504679658 0.23685187504679658 0.5129915842287501
446 2676 0.23831395479229608 0.5825050486362617 0.21491266908241277 0.21491266908241277 0.5825050486362617
447 2682 0.2493992342460093 0.5961542080134027 0.20087628095257304 0.20087628095257304 0.5961542080134027
448 2688 0.223552739322096 0.5185653422998331 0.21290449688940374 0.21290449688940374 0.5185653422998331
449 2694 0.2165230539499929 0.5135377979455719 0.18537618500709743 0.18537618500709743 0.5135377979455719
450 2700 0.19340482260052716 0.5246129973906679 0.1757510441668394 0.1757510441668394 0.5246129973906679
451 2706 0.1962569272296989 0.4952748251030721 0.16844432380675012 0.16844432380675012 0.4952748251030721
452 2712 0.1852655073966111 0.49779122976885076 0.1578262735186628 0.1578262735186628 0.49779122976885076
453 2718 0.18689408695076884 0.5312146953198531 0.14334948049513574 0.14334948049513574 0.5312146953198531
454 2724 0.18310092230971498 0.5220277327892751 0.14225552794892649 0.14225552794892649 0.5220277327892751
455 2730 0.2077500867602308 0.6339380855253443 0.11645703181638505 0.11645703181638505 0.6339380855253443
456 2736 0.17460597673674108 0.6431621621806136 0.13176076328172204 0.13176076328172204 0.6431621621806136
457 2742 0.1383888604424771 0.5372699603106607 0.12200565471069036 0.12200565471069036 0.5372699603106607
458 2748 0.17295837581264129 0.45847395734475427 0.10782687524274943 0.10782687524274943 0.45847395734475427
459 2754 0.17036888030953734 0.48543807138151973 0.12395045741330706 0.12395045741330706 0.48543807138151973
460 2760 0.19386182048199957 0.47586041573425647 0.10915679615210733 0.10915679615210733 0.47586041573425647
461 2766 0.24918635185032292 0.6388034799469299 0.09734336077003998 0.09734336077003998 0.6388034799469299
462 2772 0.27387661743728775 0.6472504375155014 0.09976237049282444 0.09976237049282444 0.6472504375155014
463 2778 0.37091789584757706 0.7169047728246899 0.08403562332240525 0.08403562332240525 0.7169047728246899
464 2784 0.4843663224421124 0.9591886044606608 0.06453914311849807 0.06453914311849807 0.9591886044606608
465 2790 0.4033557667345045 0.9307285860430022 0.07698749370413058 0.07698749370413058 0.9307285860430022
466 2796 0.46166511767259333 0.7904769155099448 0.07135351314451703 0.07135351314451703 0.7904769155099448
467 2802 0.4147065930945786 0.9008903590890419 0.06497781152911974 0.06497781152911974 0.9008903590890419
468 2808 0.37615587094344327 0.9084286562316269 0.06004419589121447 0.06004419589121447 0.9084286562316269
469 2814 0.30835900086406925 0.8720556624668839 0.05398235155982433 0.05398235155982433 0.8720556624668839
470 2820 0.3323992845767593 0.823413605135939 0.04855587367913745 0.04855587367913745 0.823413605135939
471 2826 0.37097121269624345 0.82529758467673 0.04659537187857715 0.04659537187857715 0.82529758467673
472 2832 0.4468939371567741 0.7245744582655708 0.05243225887272118 0.05243225887272118 0.7245744582655708
473 2838 0.4642990787285301 0.8275487951942802 0.04646532724206781 0.04646532724206781 0.8275487951942802
474 2844 0.5001997827263942 0.8426495062979181 0.04634474268033404 0.04634474268033404 0.8426495062979181
475 2850 0.4344239360818673 0.8338631163837021 0.0451310222692957 0.0451310222692957 0.8338631163837021
476 2856 0.35264494922756356 0.7309958836727115 0.04110910959028567 0.04110910959028567 0.7309958836727115
477 2862 0.3551915472072881 0.6448928156283461 0.03975363442832795 0.03975363442832795 0.6448928156283461
478 2868 0.341943796596647 0.7000155486885208 0.03396241058264148 0.03396241058264148 0.7000155486885208
479 2874 0.3212315673697174 0.7016101415124758 0.029908804338228387 0.029908804338228387 0.7016101415124758
480 2880 0.24578461113234526 0.6087135661327266 0.03048907759869628 0.03048907759869628 0.6087135661327266
481 2886 0.2121894890363803 0.5825951236038399 0.02458500858156345 0.02458500858156345 0.5825951236038399
482 2892 0.19303816062737236 0.5832601874817508 0.021248274444229623 0.021248274444229623 0.5832601874817508
483 2898 0.24933579065900033 0.5186186125868114 0.020061125998118143 0.020061125998118143 0.5186186125868114
484 2904 0.20908552694413407 0.5369917332754167 0.023239311521850294 0.023239311521850294 0.5369917332754167
485 2910 0.19143344401285858 0.5046100029393988 0.020588705772620015 0.020588705772620015 0.5046100029393988
486 2916 0.1497330885527228 0.40032956404032527 0.020776993932817442 0.020776993932817442 0.40032956404032527
487 2922 0.17580633215877098 0.35975585469928456 0.019565406151169504 0.019565406151169504 0.35975585469928456
488 2928 0.25121203550411164 0.3358627649476895 0.02223154774589461 0.02223154774589461 0.3358627649476895
489 2934 0.21223535889869805 0.32650291954088706 0.027092287941393338 0.027092287941393338 0.32650291954088706
490 2940 0.16544295965470435 0.30768358303686577 0.02340357651208413 0.02340357651208413 0.30768358303686577
491 2946 0.14252120010556268 0.2836201731353417 0.02078287055897272 0.02078287055897272 0.2836201731353417
492 2952 0.12148250099484308 0.23750981535775958 0.021409612202798262 0.021409612202798262 0.23750981535775958
493 2958 0.13222431582049035 0.21432759730908174 0.02010351611655647 0.02010351611655647 0.21432759730908174
494 2964 0.1640022405710626 0.2405146476011111 0.018268606047482375 0.018268606047482375 0.2405146476011111
495 2970 0.2572769960714888 0.20764658828887878 0.023056360122659197 0.023056360122659197 0.20764658828887878
496 2976 0.2659279600738187 0.1989750564200563 0.025446911477482397 0.025446911477482397 0.1989750564200563
497 2982 0.23008487158137778 0.16435000951549203 0.025372127990172032 0.025372127990172032 0.16435000951549203
498 2988 0.2107454820165955 0.15965097392778646 0.02426677317400289 0.02426677317400289 0.15965097392778646
499 2994 0.2055185497448418 0.16029527799622934 0.0228232544499598 0.0228232544499598 0.16029527799622934
500 3000 0.3158961595905899 0.1554631473240548 0.02119060017668542 0.02119060017668542 0.1554631473240548
501 3006 0.28905757898391066 0.1623135587732864 0.021792515660771335 0.021792515660771335 0.1623135587732864
502 3012 0.23738214744029765 0.1388859493100063 0.021494802965419373 0.021494802965419373 0.1388859493100063
503 3018 0.2562832067164499 0.12870891637956536 0.019935517874866127 0.019935517874866127 0.12870891637956536
504 3024 0.2558333143152388 0.13551110045164372 0.018710090215406764 0.018710090215406764 0.13551110045164372
505 3030 0.27246217741427803 0.13577468852956504 0.01696232902022452 0.01696232902022452 0.13577468852956504
506 3036 0.22260879287929627 0.1317309056937953 0.016345011348369708 0.016345011348369708 0.1317309056937953
507 3042 0.1889433678078474 0.1333696336134675 0.014562001855736204 0.014562001855736204 0.1333696336134675
508 3048 0.1845279412459376 0.11592151804426802 0.014558042123941425 0.014558042123941425 0.11592151804426802
509 3054 0.20227901710742102 0.11045289499992376 0.01441266901979306 0.01441266901979306 0.11045289499992376
510 3060 0.20481712235221966 0.09842028787118333 0.016411808108778996 0.016411808108778996 0.09842028787118333
510 3060 0.20481712235221966 0.09842028787118333 0.016411808108778996 0.016411808108778996 0.09842028787118333
