% # columns="iteration, evaluation, sigma, axis ratio, bestever, best, median, worst objective function value, interquartile range, further/more values", seed=42, Mon Dec 16 20:17:58 2024, <python>{}</python>
1 6 0.39411408372221474 1.0000250003125026 0.6622001185945359 6.6220011859453587e-01 1000000.0 1000000.0 0.0   
2 12 0.43877204609994747 1.2926576854579073 0.6614636677249693 6.6146366772496934e-01 1000000.0 1000000.0 0.0   
3 18 0.46933726521500885 1.7759256195032964 0.6462409097246523 6.4624090972465231e-01 1000000.0 1000000.0 999999.3326468967   
4 24 0.5766614508550428 1.7537819719586563 0.6240830593467331 6.2408305934673314e-01 0.6518597621220121 1000000.0 0.027465063357779873   
5 30 0.6243276824905003 1.6603656745209125 0.581531078160215 5.8153107816021499e-01 1000000.0 1000000.0 999999.3384099924   
6 36 0.7662608153221948 1.743281631736283 0.5600245909607057 5.6002459096070567e-01 0.6164765652737225 0.6448599227825269 0.042590108144144545   
7 42 1.1577525031530023 1.9036902860942957 0.4497680879991064 4.4976808799910639e-01 0.6134493679648875 1000000.0 0.07175661707865388   
8 48 1.6625986597252491 2.031610987245226 0.36515832038930884 3.6515832038930884e-01 0.5958281178230771 0.6611197459087816 0.21955112725017356   
9 54 1.8942533423585663 1.7542293202867107 0.2449542760294297 2.4495427602942971e-01 0.38303828770793047 0.4771997426520578 0.11711352847746714   
10 60 2.0259270538327545 2.004885553209408 0.2449542760294297 3.3267351957442159e-01 0.6059859445536102 0.629790771640687 0.23534303492318198   
11 66 2.084546029043917 1.3265720935967023 0.2449542760294297 2.4651951634708930e-01 0.44663393249490446 0.4657740627185628 0.14614624575547136   
12 72 1.7973936651980431 1.2606858452834506 0.2449542760294297 2.4626930472706970e-01 0.43274777021682753 0.4876303293595007 0.04279548691034496   
13 78 1.642993265069759 1.3089370565473009 0.2449542760294297 3.1118652346732989e-01 0.3375602308546024 0.39014829954496855 0.015927563426368807   
14 84 1.366156143640081 1.4883371688632123 0.22920480862210607 2.2920480862210607e-01 0.3029311863949741 0.33185066311499356 0.015935816286187787   
15 90 1.2834525186068002 1.4296136268594668 0.22920480862210607 2.3455405453211003e-01 0.3466120480454091 0.3973599994670779 0.0745884960544807   
16 96 1.2441444615359747 1.7556741353796081 0.22920480862210607 2.6054569021945495e-01 0.3302983314539627 0.3871816357066281 0.07235289647797549   
17 102 1.0601745107428682 2.216853617111775 0.22920480862210607 2.7235629012887597e-01 0.38126459107985655 0.41613936492185855 0.08305896753411723   
18 108 0.9087484878093341 2.3672889139168287 0.22920480862210607 2.3228291351269148e-01 0.3075709297261129 0.3346298571560189 0.035258791894580144   
19 114 0.9731930521628925 1.9784475398989358 0.22920480862210607 2.9832446361014742e-01 0.3226783683158076 0.36326603727810003 0.027612242725778113   
20 120 0.9668083872006127 2.365256470516886 0.22154406429913037 2.2154406429913037e-01 0.26922301997929454 0.3360147223065705 0.04976299671280193   
21 126 0.7134686375336023 2.713255234972154 0.22154406429913037 2.5069873218978533e-01 0.3005062733171727 0.3302909746422227 0.02416362874258815   
22 132 0.5768704867942731 3.2509970031611872 0.22154406429913037 2.3316282755218024e-01 0.2883331363654509 0.31424598972968437 0.037202171201806855   
23 138 0.44442421825370065 3.7688889804094075 0.22154406429913037 2.3844375557260228e-01 0.2626903263036654 0.2810729774453014 0.034687502318802965   
24 144 0.337005383674812 4.884031505310469 0.22154406429913037 2.2814692075781901e-01 0.2534682762814231 0.2705592817486331 0.0128232947130264   
25 150 0.3157229808365992 5.420398828183972 0.22154406429913037 2.2976695100792993e-01 0.24068643469484108 0.2626712038404875 0.019674421516788054   
26 156 0.3585491704803744 7.246902456124758 0.22154406429913037 2.2598063866992496e-01 0.23219595780341226 0.23428409125172261 0.0036552382802539918   
27 162 0.40088723234398393 8.07509867254893 0.22154406429913037 2.2877543668531203e-01 0.2323334496249046 0.23469553710947905 0.0031361457750876953   
28 168 0.38549034919550457 8.924858667272376 0.22154406429913037 2.2700957905122826e-01 0.23572418708600595 0.24325715341609463 0.010027764852799076   
29 174 0.3571854496282678 11.061329538767545 0.22154406429913037 2.2486880395657022e-01 0.23650731986488316 0.24855288765699118 0.012527488796664737   
30 180 0.276341417740492 11.830700650918061 0.22154406429913037 2.2288859446161280e-01 0.2361746275988903 0.2438552379964321 0.0038327175495095067   
31 186 0.23085454333823216 14.274273904531212 0.22089008101900467 2.2089008101900467e-01 0.228195393984021 0.23489894362673558 0.004467996783526912   
32 192 0.23241817699498518 15.263682386065703 0.22089008101900467 2.2188057755521889e-01 0.2335529156760875 0.24211012628552137 0.0062979735170317075   
33 198 0.2703521097947467 20.015578143736477 0.22089008101900467 2.2658628454169022e-01 0.22937577228057493 0.2366273351415335 0.0020984045881508318   
34 204 0.24846061698136482 15.627053271748593 0.22089008101900467 2.2719186198441843e-01 0.2332930741543628 0.23770817559807556 0.005408696539057345   
35 210 0.18825766022043328 18.268887549770422 0.22089008101900467 2.2595236521915471e-01 0.23071574951375537 0.23938366847630438 0.005129530548549921   
36 216 0.18778814049143366 16.702211305377066 0.22028679653991248 2.2028679653991248e-01 0.23092454265674917 0.2470883745155522 0.009025581561853124   
37 222 0.16068260368009854 19.669824615274845 0.22028679653991248 2.2154611126833496e-01 0.22520431793554332 0.23041241092100614 0.002314718442784247   
38 228 0.15868812597439977 16.91085048100231 0.22028679653991248 2.2449683245123966e-01 0.22980398080349432 0.23256275336301732 0.0034503466959175666   
39 234 0.12719616075147053 20.340172323934873 0.22028679653991248 2.2573672319925484e-01 0.2329913846514385 0.23690628212873813 0.005849153628807391   
40 240 0.11473334280272272 19.31022997036188 0.22028679653991248 2.2303685469383178e-01 0.23137918570066224 0.2324628235513233 0.006899793937889365   
41 246 0.10482365541473163 19.73202170165304 0.22028679653991248 2.2436353780063595e-01 0.22983807069657175 0.23135558342190168 0.0031424009147729692   
42 252 0.08760778378373439 21.9342517817788 0.22028679653991248 2.2223959828879727e-01 0.22762743696567783 0.23302894027603252 0.005422175752760411   
43 258 0.11208333655022494 27.359468435786358 0.22028679653991248 2.2508461849786648e-01 0.2299057879894157 0.23549001180647258 0.002929549725795011   
44 264 0.08766696357679796 26.563433560374687 0.22028679653991248 2.2743469631841190e-01 0.23082969612880255 0.23666661966835795 0.001533606886920863   
45 270 0.09874071376828746 28.364516637264195 0.22028679653991248 2.2187661037918890e-01 0.2279018904115744 0.2353631560580942 0.0052311375937763305   
46 276 0.107363013027094 30.56437499163992 0.22028679653991248 2.2223134657559512e-01 0.23394246747010358 0.24262161948676594 0.007370029261250771   
47 282 0.10625172586928765 39.45820225151468 0.22028679653991248 2.2346027365810173e-01 0.2297811710418332 0.2370617386061981 0.006875211802354841   
48 288 0.09272429921013367 40.39699571778985 0.22028679653991248 2.2199108890347286e-01 0.22634913475771434 0.23170755719178815 0.004051046401502417   
49 294 0.08399747448653147 35.45457310399063 0.22028679653991248 2.2569822663484776e-01 0.22984188813247358 0.2432407661051038 0.004377243903272765   
50 300 0.06963337836303418 31.756757812327855 0.22028679653991248 2.2662160554478938e-01 0.2369479515520608 0.2422337857923439 0.013310747822019992   
51 306 0.06331891490901392 40.08744841301788 0.22028679653991248 2.2359226283935107e-01 0.22966646770577803 0.2360596731445957 0.004927925423546531   
52 312 0.06374943482140531 34.778280992946186 0.22028679653991248 2.2137752565785940e-01 0.22395833880905414 0.22718964496756922 0.0036633130457011664   
53 318 0.06040815968755169 31.417075595252513 0.22028679653991248 2.2422060036065100e-01 0.23018765181571388 0.23431229964141487 0.007947081630032632   
54 324 0.07940507741799457 28.972072341601212 0.22028679653991248 2.2365820284938867e-01 0.23421428847715556 0.2399796043524086 0.013399489714489732   
55 330 0.06467542826457082 36.11196812210576 0.22028679653991248 2.2106737087671252e-01 0.22661234832774946 0.23249202753410053 0.0055733243819699185   
56 336 0.05952837975551064 34.17665891485519 0.22028679653991248 2.2139889809689681e-01 0.22781525565414223 0.23067702989761982 0.007210261497345605   
57 342 0.05412124731774717 40.867357683689534 0.22028679653991248 2.2413628184047729e-01 0.2274982741397441 0.2350819140416095 0.003867972817648807   
58 348 0.05094994807799884 47.23484255185384 0.22028679653991248 2.2188885151836282e-01 0.22774763422384628 0.23437439669089222 0.010735336478868901   
59 354 0.051811606282201314 54.45953881171824 0.21887738394540213 2.1887738394540213e-01 0.22644545716893769 0.2327621973230575 0.007718498599568552   
60 360 0.05536784019749473 58.09805967160623 0.21887738394540213 2.2385003316528024e-01 0.22879137675072808 0.23237051412319318 0.002035587198675942   
61 366 0.049487728883399106 47.19386823231487 0.21887738394540213 2.2473259404481749e-01 0.22823821513904802 0.2322670555257716 0.006728920053254428   
62 372 0.05899864620568719 37.358877487767025 0.21887738394540213 2.2246178968076202e-01 0.22910303995355336 0.2329444481649922 0.003936533122451846   
63 378 0.05592536969772432 24.734126056028316 0.21887738394540213 2.2296542251468074e-01 0.22812121830740797 0.23181356280437387 0.005700599176944571   
64 384 0.08079616926246358 21.78696597169696 0.21887738394540213 2.2505792497718796e-01 0.2267430719301033 0.22724664526658073 0.0010105433067158776   
65 390 0.06962301834553714 14.9174054710202 0.21887738394540213 2.2337115877100050e-01 0.2254940406176017 0.23397358739067542 0.00796087959859007   
66 396 0.05304806833406811 14.283276440787198 0.21887738394540213 2.2209676709097784e-01 0.23082271772981142 0.2408424026716669 0.010265461223975175   
67 402 0.060453089881751305 14.276679601971878 0.21887738394540213 2.2213474091659466e-01 0.22881740214505786 0.23275476118022065 0.008373823652445544   
68 408 0.07652039118761167 21.77922915704771 0.21887738394540213 2.2248707218915251e-01 0.22519674552602265 0.23092177704511221 0.0015873692482833157   
69 414 0.10095882260452346 23.61138538416569 0.21887738394540213 2.2248072578974848e-01 0.23029465274138317 0.2325495113210867 0.007537439486721337   
70 420 0.16272381729355273 20.245062027799765 0.21887738394540213 2.2232574965667690e-01 0.2254410411979571 0.23233609285636064 0.00507768255968255   
71 426 0.2154220440763261 23.67858413120815 0.21887738394540213 2.2571691206211164e-01 0.2395703976452097 0.245888858812213 0.014265851111724848   
72 432 0.2845065710733665 26.258565695797067 0.21887738394540213 2.2230911787399055e-01 0.23079033060490545 0.2365756267641137 0.010466105050121854   
73 438 0.32709639048365524 20.83720636436008 0.21887738394540213 2.2055786981416370e-01 0.2321866755072765 0.24153141129697062 0.008025510543155312   
74 444 0.3753038875306842 25.12086310833563 0.21887738394540213 2.2282272324415311e-01 0.2323783686724821 0.2545044457348473 0.01365625184741559   
75 450 0.364941372623063 30.85291693934455 0.21887738394540213 2.2253004590263348e-01 0.2294492224563345 0.2342135224279187 0.008233609153021293   
76 456 0.4443133889072186 39.78562980733714 0.21887738394540213 2.2351208519806462e-01 0.22731949604524365 0.23166437153788166 0.0048874897011310925   
77 462 0.3891090498293143 35.74359380435027 0.21887738394540213 2.2088288505023612e-01 0.2280986302274552 0.23802685654871822 0.006346903543606064   
78 468 0.34932034809481943 35.4770200418136 0.21887738394540213 2.2420633233098530e-01 0.23029281736033497 0.23569172539746785 0.005658288608378498   
79 474 0.3324490373490011 32.59786865509996 0.21887738394540213 2.2189766199238653e-01 0.23315893686980232 0.2427014132350529 0.011294385493224396   
80 480 0.24137617474044862 34.41120398790325 0.21887738394540213 2.2597642160000203e-01 0.23290142691816257 0.2380023055563948 0.007672559595520878   
81 486 0.41080572593159503 28.810619038124358 0.21887738394540213 2.2374125776817771e-01 0.22636962200674543 0.23435500149341373 0.0025949357427284547   
82 492 0.5204655353587939 40.19363703946684 0.21887738394540213 2.2497708705526381e-01 0.23164281307889711 0.23695612758135315 0.003985041440396908   
83 498 0.5657277811597625 35.97993498412884 0.21887738394540213 2.2330178671496184e-01 0.23218207403131402 0.24564033536792615 0.013781901082743825   
84 504 0.4499289847188347 28.91807263990547 0.21887738394540213 2.2256532897787662e-01 0.22893216812126116 0.2318234902536219 0.006912363238663649   
85 510 0.45343767475948255 30.648961025226146 0.21887738394540213 2.2470793067197087e-01 0.22780970304833814 0.2345185680145017 0.00791662817402461   
86 516 0.5409644723255611 42.35621086985333 0.21887738394540213 2.2412919751979524e-01 0.2273573145858897 0.23123782000711687 0.005248399006228477   
87 522 0.4311325099518082 58.08984578567361 0.21887738394540213 2.2508119905674667e-01 0.23358192653126658 0.23501000932750765 0.008732045724820503   
88 528 0.4127141580909471 66.21680545137947 0.21887738394540213 2.2653655042025284e-01 0.2296278457987199 0.24228979412834056 0.004023051511993919   
89 534 0.3002325269588548 63.74232431507041 0.21887738394540213 2.2756107603668180e-01 0.22889252089047032 0.23442954235428398 0.001536384528506074   
90 540 0.28143915701382344 65.78538792563052 0.21887738394540213 2.2836096897671379e-01 0.23394530135157865 0.2381517798036364 0.006539027578391726   
91 546 0.40616039348788985 72.78477316241393 0.21887738394540213 2.2634034831331312e-01 0.23113995632845952 0.2433444097075531 0.005447237738204352   
92 552 0.3428503034587943 44.338742693288644 0.21887738394540213 2.2329503964215991e-01 0.22968467773715256 0.23205087301855265 0.006049324078472418   
93 558 0.25791522729987704 44.23642987586738 0.21887738394540213 2.2651358400370825e-01 0.233565518795729 0.23744958233860397 0.005608015173388492   
94 564 0.4016430086290426 45.57729513364615 0.21887738394540213 2.2234582997563562e-01 0.22945685551132977 0.23115630417688054 0.002711973262314815   
95 570 0.3295032404730501 51.60952109627361 0.21887738394540213 2.2138513636078899e-01 0.22838874332261036 0.2308331982731554 0.006745677559829827   
96 576 0.3002356863053346 52.173690258941825 0.21887738394540213 2.2893577401489854e-01 0.23159355420352573 0.232716847057702 0.0024796447889498807   
97 582 0.36433225247562356 51.62390791597005 0.21887738394540213 2.2285957561084338e-01 0.23118283478155716 0.2332597142790016 0.007356835349013685   
98 588 0.3523258258261501 63.733346006263986 0.21887738394540213 2.2440578278698017e-01 0.226788676460962 0.23578714001656748 0.0059083056651289545   
99 594 0.2698461838855676 68.1289925647334 0.21887738394540213 2.2422963247567637e-01 0.2309367810618826 0.23342585015917722 0.006225749322165353   
100 600 0.2564057527844648 73.52867144041515 0.21887738394540213 2.2757076627197675e-01 0.2376644147461876 0.2458344993669585 0.012550921730724696   
101 606 0.25849685294315206 76.87252573846666 0.21887738394540213 2.2387742891305590e-01 0.23452246252499923 0.23716986330132847 0.0076146828263726485   
102 612 0.261791991142507 108.66260390005677 0.21887738394540213 2.2836068216411287e-01 0.2343919530780643 0.23699343597164096 0.005764347993230667   
103 618 0.25286287213418845 102.46845359594843 0.21887738394540213 2.2584526284070011e-01 0.2304947711260959 0.23161299370167204 0.003202156042797527   
104 624 0.2178552833735193 109.3005600238932 0.21887738394540213 2.2684807106385524e-01 0.2345768410146607 0.23595460572385146 0.005618667463435201   
105 630 0.2057318960368507 99.94609854119057 0.21887738394540213 2.2090957379291548e-01 0.22857370775235947 0.23007737299209302 0.0039912657896718495   
106 636 0.1923995389868558 91.1291656678541 0.21887738394540213 2.2391488147844740e-01 0.23008361065596722 0.2316508717413935 0.007032056783094376   
107 642 0.21117488949763502 83.32681724107958 0.21887738394540213 2.2596337864896132e-01 0.22985629259795226 0.24474397782254892 0.006486372639931182   
108 648 0.20303607372269025 84.89615568026588 0.21887738394540213 2.2289436627795528e-01 0.22567648710859692 0.23432038280204673 0.0048087777564474465   
109 654 0.15730404529864717 62.42978437392468 0.21887738394540213 2.2527426742575263e-01 0.23060997770633124 0.24336400841098393 0.0031490897185817712   
110 660 0.13784829579717467 58.24024044488985 0.21887738394540213 2.2281774999937193e-01 0.22842997788551359 0.22938746862399517 0.0010015180716585748   
111 666 0.1489208978063365 57.074550257378235 0.21887738394540213 2.2118225091766014e-01 0.2260740156048469 0.23201340158291237 0.007630146632456258   
112 672 0.14768555603993622 49.84083324246477 0.21887738394540213 2.2711074308754117e-01 0.23149956061986005 0.23973980316201543 0.008698264685291446   
113 678 0.2661490467679849 42.97083129765797 0.21887738394540213 2.2598067168960811e-01 0.23226269959457 0.2352716846903889 0.006511942049416242   
114 684 0.6011101416862055 37.50117651794946 0.21887738394540213 2.2562928287759904e-01 0.23594365791365784 0.24172189387148765 0.010769554456419583   
115 690 0.9293354210189316 34.14202468055388 0.21887738394540213 2.2140336800823945e-01 0.22805818745800854 0.2327302157513484 0.003137952045325354   
116 696 0.9291777277680197 33.49397051764802 0.21887738394540213 2.2250391750072848e-01 0.2293266019081978 0.2338669104723953 0.008458859780995753   
117 702 1.1845445667923684 32.45952369408216 0.21887738394540213 2.2698935776485363e-01 0.2277729669961254 0.2380899871550916 0.004659231867582991   
118 708 1.5831376946952294 24.773282553976152 0.21887738394540213 2.2162030847637815e-01 0.22813625958908623 0.23625018287650673 0.00403936092992721   
119 714 1.7552057648326187 23.643701831439895 0.21887738394540213 2.2111902008068052e-01 0.22899429228430068 0.23983931496407673 0.005194957591228899   
120 720 1.9902650412108849 27.78782971629326 0.21887738394540213 2.2629317394811646e-01 0.23428984990841717 0.2453045759591051 0.0051849142550946525   
121 726 1.4866469980462347 38.354632255269294 0.21887738394540213 2.2066294541789305e-01 0.23065672252328817 0.2352058679578259 0.007455789257083484   
122 732 1.3017435162388316 39.06811699044556 0.21887738394540213 2.2218163570104849e-01 0.229143250340051 0.23103124637003097 0.006201436554491041   
123 738 1.2934889324563281 35.699007622116504 0.21887738394540213 2.2151954790781037e-01 0.2333990750767425 0.25082431182917236 0.010407488965842426   
124 744 1.3944781801784567 45.426799060402125 0.21887738394540213 2.2242408891671039e-01 0.23383446550582584 0.23849445177459205 0.011404650952003381   
125 750 1.818988383960428 52.45899248907838 0.21887738394540213 2.2854787582372468e-01 0.23030751512462935 0.23954326753255178 0.006224901279361622   
126 756 1.5294691658867519 54.760236570248146 0.21887738394540213 2.2437194294385099e-01 0.22987213654922747 0.23248372461099773 0.006652801716157286   
127 762 1.4454857809138553 57.96665085072111 0.21887738394540213 2.2261886272994558e-01 0.2270303432224115 0.2302869198708582 0.003672387362053442   
128 768 2.0990484012408386 58.4542100568818 0.21887738394540213 2.2143750050480987e-01 0.23437673039451937 0.2376458423661572 0.007670738931177534   
129 774 1.9896606347912975 106.45037129135974 0.21887738394540213 2.2470798389786445e-01 0.23097105020803269 0.23736318638652892 0.006574335817347565   
130 780 1.7761859990045044 133.66891682462872 0.21887738394540213 2.2248579746733876e-01 0.23062980432548047 0.23487689655665744 0.00556069419950328   
131 786 1.790784847701763 137.2718394781877 0.21887738394540213 2.2682371977112442e-01 0.2331258828097244 0.24011188556850174 0.0051474344020426555   
132 792 1.3557543839565613 171.6680835623349 0.21887738394540213 2.2391748746336659e-01 0.22823160224640132 0.24078437294719335 0.004744266160572996   
133 798 1.1443500835232754 143.85534622428457 0.21887738394540213 2.2509374687679740e-01 0.22978191525303893 0.2348328892055176 0.005117064855296449   
134 804 1.20299666817352 131.44039782558946 0.21887738394540213 2.1980089274830494e-01 0.22546943961040367 0.2311631369198044 0.0031800036988984537   
135 810 1.3413849142224383 119.55249306891412 0.21654352873419358 2.1654352873419358e-01 0.22907754061701546 0.23771532097900774 0.006215287931842256   
136 816 1.6664916928351214 158.02535457320982 0.21654352873419358 2.1751365678444143e-01 0.22531526093039084 0.23051129308822796 0.0063336934520146215   
137 822 1.6386947751214356 124.03494087688908 0.21654352873419358 2.2428072124383414e-01 0.23010574989427582 0.23294687271170778 0.0059539978480546984   
138 828 1.5537498719574503 124.97232144322135 0.21654352873419358 2.2404363516681811e-01 0.23152145528930607 0.23943092410574787 0.01257795980604215   
139 834 1.5327816284399256 97.7811819818942 0.21654352873419358 2.2356769727233028e-01 0.23083327603500187 0.23227203611632993 0.005610493524983634   
140 840 1.2580483663966768 95.37339145295311 0.21654352873419358 2.2403522861050817e-01 0.23000197516074225 0.2346168776361957 0.00573942400267638   
141 846 0.9683603829862297 108.06082036107281 0.21654352873419358 2.2373095842555832e-01 0.22853658005108612 0.23677353674534668 0.0009289014788030903   
142 852 0.745280483071069 121.42052447982003 0.21654352873419358 2.2109837985945049e-01 0.23175203189050556 0.24256827146029253 0.003937650874926979   
143 858 0.566524645460853 122.30496637477029 0.21654352873419358 2.1820213364952379e-01 0.22440679306245676 0.23652749019373742 0.0064336173629714055   
144 864 0.6815807956512565 148.67891570314362 0.21654352873419358 2.1768086605207407e-01 0.22428827517658662 0.23341525956760548 0.00840679576916023   
145 870 0.7576976839169275 139.5593440445827 0.21581385264840608 2.1581385264840608e-01 0.23112767677683452 0.2449397594633078 0.011827960970518359   
146 876 0.6632272329328494 150.3252721329883 0.21581385264840608 2.2192130988694375e-01 0.22727310147181845 0.22845761565246364 0.0050563233799707785   
147 882 0.5358226666635109 112.4437904457259 0.21581385264840608 2.1997105004924508e-01 0.22889314439544334 0.23412706148551754 0.0073609421938972686   
148 888 0.42619337972155497 121.59697048852792 0.21581385264840608 2.2166328023306914e-01 0.23576430789995467 0.24009616276628723 0.016375822089949976   
149 894 0.5076638398047963 130.07231578218136 0.21581385264840608 2.1927869970509462e-01 0.22805485982678592 0.23021085144835512 0.008966358748422248   
150 900 0.7289210694277559 130.24021241685597 0.21581385264840608 2.2300296151764512e-01 0.22642856710315032 0.2471857719367943 0.01280245318438894   
151 906 0.6683706803971827 84.47037426285026 0.21581385264840608 2.2320722996336007e-01 0.23039258827111903 0.2320152811090132 0.007320237702181875   
152 912 0.5973942295571795 95.55320913166835 0.21581385264840608 2.1938042811206335e-01 0.22961592153620988 0.2512464075651325 0.012900908561097157   
153 918 0.5333467531189372 87.42437462262727 0.21581385264840608 2.1848197002967434e-01 0.22886763719191097 0.2396300149864531 0.00739183859454845   
154 924 0.4353227336369458 89.99185838093604 0.21581385264840608 2.2138896390462492e-01 0.22693678170728301 0.23138261933338788 0.00447409279803157   
155 930 0.4174938836377675 107.71477569001729 0.21581385264840608 2.2270329227181296e-01 0.2259021518689086 0.2330154877806213 0.008101931604773766   
156 936 0.3250037456663348 79.99714603651873 0.21581385264840608 2.2102286061368248e-01 0.22745293614357975 0.2384257253598432 0.013820690370713595   
157 942 0.2864361192971325 78.88715787021812 0.21581385264840608 2.2312825185882867e-01 0.22965519907242254 0.233174841028974 0.00426835006216128   
158 948 0.2489528500377907 82.23777964848405 0.21581385264840608 2.2292318229878194e-01 0.22719684878395688 0.23328696076509747 0.005506821131444933   
159 954 0.2818216805523104 88.61043146845839 0.21581385264840608 2.1684310232041049e-01 0.2339549687125495 0.24769766494061168 0.009245725965765034   
160 960 0.24610981917474237 64.08399582563638 0.21581385264840608 2.1964665994877033e-01 0.22581494570243346 0.23379859653867846 0.005906569030797282   
161 966 0.21019800982839773 60.87456386555988 0.21581385264840608 2.2107292479758803e-01 0.22898810994480873 0.23274084631863798 0.0071388029754976545   
162 972 0.29659437401281163 56.48725994352362 0.21581385264840608 2.1752039886376159e-01 0.2249902340594418 0.23548162975083894 0.009168209821321827   
163 978 0.5113993652325889 61.16524101417108 0.21581385264840608 2.2147679761083919e-01 0.2263673031235376 0.2331939093037602 0.0058296610300985485   
164 984 0.40414139326767373 66.74916176303344 0.21581385264840608 2.2257894113458304e-01 0.2293021177292935 0.2317769202934854 0.002933374043956216   
165 990 0.32518156815977317 67.38914233967002 0.21581385264840608 2.2129503255058230e-01 0.22879878839379447 0.23706415214169968 0.012665669251561151   
166 996 0.27727110415654393 62.31667162574756 0.21581385264840608 2.2088909015978200e-01 0.22690043938098775 0.23566871038639373 0.006940304478627007   
167 1002 0.2857712187984114 71.30558156059564 0.21581385264840608 2.2236810699520829e-01 0.22767780865961645 0.24213774249260062 0.005930067797342564   
168 1008 0.2585518675062241 84.35498745506439 0.21581385264840608 2.2312223759091321e-01 0.23413481224837734 0.25027528125490234 0.011883049000800117   
169 1014 0.25810067985041946 74.84339624054793 0.21581385264840608 2.1998328598738037e-01 0.2346243182866795 0.23991613105105178 0.010243823206913222   
170 1020 0.3080472394609174 76.84961644154235 0.21581385264840608 2.2149835806208515e-01 0.22962130083028642 0.2379857678478836 0.00802835667691229   
171 1026 0.2749779180553074 66.42760131047865 0.21581385264840608 2.1940448101594923e-01 0.2251196254894215 0.23222423256503805 0.00789729227129568   
172 1032 0.3920272508206064 68.87331422416021 0.21581385264840608 2.2005994458521555e-01 0.22532536845268328 0.23692877554039266 0.008229152212307855   
173 1038 0.35861641829189855 106.44121596690883 0.21581385264840608 2.1975112622003515e-01 0.2291545290581713 0.23746480349997573 0.009751596949004598   
174 1044 0.29347706216788966 112.57554146902083 0.21581385264840608 2.1927438905770197e-01 0.22568655886498293 0.23405736265582305 0.008952303783822418   
175 1050 0.2541017659881368 124.71250878548345 0.21581385264840608 2.1979119764051849e-01 0.23072997949412624 0.23651819189558831 0.012250176096551268   
176 1056 0.22223148818994617 126.88058750204601 0.21581385264840608 2.2011345108501409e-01 0.22695395214772615 0.2369906598354808 0.004949610374553437   
177 1062 0.17731548320273555 151.4439006285683 0.21581385264840608 2.2658515323915096e-01 0.23603003973399775 0.23715303432831014 0.00826894883567808   
178 1068 0.18020724615078243 156.88028575193732 0.21581385264840608 2.2154235243722228e-01 0.22661421863451967 0.23331747852571288 0.008643173927917108   
179 1074 0.1816668939827798 141.17789564281497 0.21581385264840608 2.2077852717750324e-01 0.23036804008197467 0.23878304545542767 0.006132239088048275   
180 1080 0.14205422071333387 107.1987163014222 0.21581385264840608 2.2170360920013588e-01 0.22573721853217732 0.2374869785127267 0.003242816224113404   
181 1086 0.13159586658759503 120.30825501032403 0.21581385264840608 2.1930028256459377e-01 0.23246050438871288 0.2353806098348224 0.008034450426943868   
182 1092 0.12614212639384817 124.65718882500799 0.21581385264840608 2.2364639280085957e-01 0.23105645466582714 0.23309328812629942 0.008248388751136954   
183 1098 0.11511428272537035 97.91206629776131 0.21581385264840608 2.2614633771524315e-01 0.2279808873323687 0.2389220170521682 0.004829858731452169   
184 1104 0.10318045407034294 89.14868614732181 0.21581385264840608 2.2209202660146046e-01 0.22780468156856498 0.23051941370491044 0.003136969587670596   
185 1110 0.10116454703152446 87.9285737594735 0.21581385264840608 2.2110325623919902e-01 0.227789996141727 0.23383526616360914 0.0066586269269237885   
186 1116 0.0826298961873243 105.10255822750713 0.21581385264840608 2.1792358029099418e-01 0.22748313383347965 0.2385067416782071 0.007434810582252704   
187 1122 0.09815715799000183 130.2856878164461 0.21581385264840608 2.1919977375461619e-01 0.2299113724140107 0.23956409510221394 0.007211347694216441   
188 1128 0.08539251121033702 105.45308783985821 0.21581385264840608 2.2186088054996539e-01 0.2244022703392735 0.23917899223339525 0.008182437939495024   
189 1134 0.08607542972173914 115.81462351889478 0.21581385264840608 2.2054784745437622e-01 0.22977948093614523 0.2341716537688282 0.00877549132139252   
190 1140 0.10153040917915995 104.92838601067 0.21581385264840608 2.2364244238340464e-01 0.22580694966445908 0.23442316990969753 0.0034230026948115777   
191 1146 0.12034365988825728 117.80248607838848 0.21581385264840608 2.1653579870993275e-01 0.22904200052653495 0.24022250313499843 0.005832269948305963   
192 1152 0.13161744222091099 99.57835511843278 0.21581385264840608 2.2098682653118518e-01 0.22597749017845914 0.2331236540722647 0.0061542818438185265   
193 1158 0.17618061596979573 88.09940805271444 0.21581385264840608 2.2310026614960013e-01 0.22690137835059937 0.23545753409633885 0.0042601692959846615   
194 1164 0.15129365785372398 78.13818144189835 0.21581385264840608 2.2245441878966615e-01 0.22946300863029478 0.23390509759099004 0.006218256061297778   
195 1170 0.11710894003997376 95.27182366300778 0.21581385264840608 2.2532731342822537e-01 0.23427009521327946 0.23692676182720548 0.0030470137260273644   
196 1176 0.13018448095900717 102.606786240721 0.21581385264840608 2.2263086956602512e-01 0.2269870333158388 0.2369983488720449 0.011998376664500598   
197 1182 0.11092626699535664 95.2393572182574 0.21581385264840608 2.2193916342530551e-01 0.22507674115660847 0.2273004623777245 0.002795604884620828   
198 1188 0.11556577191684132 86.32488603334333 0.21581385264840608 2.1920326034203852e-01 0.22802078726253833 0.24054787882601886 0.007527781573897663   
199 1194 0.0959666025520581 92.75681580076183 0.21581385264840608 2.2257853196315724e-01 0.22704945266601365 0.23584917267817515 0.003918992635667362   
200 1200 0.11110077228447054 102.45191822904962 0.21581385264840608 2.1897938525015753e-01 0.23017288021048954 0.24072676116481892 0.012309907800994557   
201 1206 0.08441028705798329 142.63761298119414 0.21581385264840608 2.1950840167003424e-01 0.22507302895012948 0.23494109206345465 0.005849600617089223   
202 1212 0.09712453810920313 122.79838053779321 0.21581385264840608 2.2516431237396778e-01 0.23060567848440172 0.23327992882919307 0.0019581498458860203   
203 1218 0.07470516841555051 122.03484741863026 0.21581385264840608 2.2472496858625574e-01 0.23315455935642784 0.25625865833850137 0.004827950861671315   
204 1224 0.08113850540844675 118.39777499184132 0.21581385264840608 2.2030345854020966e-01 0.22740711007671838 0.24653681164939406 0.01230113387544124   
205 1230 0.07665239621373598 124.7632079834659 0.21581385264840608 2.2068490032601529e-01 0.22688862566454399 0.2374762176778017 0.01065282282684668   
206 1236 0.08315750536551653 140.58122141043773 0.21581385264840608 2.2550190010436721e-01 0.2305404893117411 0.23597136188742662 0.008536737754422041   
207 1242 0.08808419234895551 135.21817495186107 0.21581385264840608 2.2395697017924587e-01 0.2271506867478147 0.2465861342491542 0.011572000589388926   
208 1248 0.10563679051501504 137.27588331163375 0.21581385264840608 2.2180837304485973e-01 0.22508852301992252 0.22973061545429507 0.007200906850339861   
209 1254 0.13579463782325604 100.76989718970613 0.21581385264840608 2.2271820748447374e-01 0.22815062315542345 0.2333682468561009 0.005732064516338176   
210 1260 0.24532334046463675 105.88721676458742 0.21581385264840608 2.2301079857856704e-01 0.22895527242011426 0.24021486308774126 0.014967911179977644   
211 1266 0.2770720160264694 143.38933561332485 0.21581385264840608 2.2323303234083991e-01 0.2308392206594611 0.23204192753663294 0.0012019104259393398   
212 1272 0.21137663183379596 142.36135226524917 0.21581385264840608 2.2314748918544364e-01 0.23352526865401946 0.24018559107557375 0.01241859022464259   
213 1278 0.19221017292288387 144.12324082580864 0.21581385264840608 2.1996174989410922e-01 0.2229918342154567 0.22627160262697904 0.005122304758723634   
214 1284 0.1598144406576666 141.23716856595388 0.21581385264840608 2.2214798644634881e-01 0.2254307921199964 0.23140295585727932 0.004347472052892654   
215 1290 0.1914511932289247 140.915855872756 0.21581385264840608 2.1802831934021150e-01 0.22878822517988334 0.24040421608787574 0.012066209355008711   
216 1296 0.23439570951449165 155.21501691634663 0.21581385264840608 2.2765439677182064e-01 0.22903468694751422 0.2332232839832214 0.0012828448252956703   
217 1302 0.20422921044277254 113.52940702656116 0.21581385264840608 2.1902746402810580e-01 0.2225840857506018 0.2261846958113426 0.0027320574261816277   
218 1308 0.16296527521957319 135.36843634363797 0.21581385264840608 2.2055530757009079e-01 0.2264698134868391 0.23178769974914892 0.007688460081460763   
219 1314 0.14063266568512897 128.97531522322956 0.21581385264840608 2.2327884910094040e-01 0.23151290105284345 0.23533576488624042 0.006071520873179914   
220 1320 0.11165377821451893 130.37225659133946 0.21581385264840608 2.2229185311209274e-01 0.22750635911812955 0.22979761998982084 0.0067112058336203095   
221 1326 0.10740827320662438 152.26215285006347 0.21581385264840608 2.2042406894988012e-01 0.22520460863639646 0.2281933882447565 0.003920866815600582   
222 1332 0.10532317504079643 203.49929756648234 0.21581385264840608 2.1972802594200397e-01 0.23368255955194697 0.23561428779698823 0.010334656439397238   
223 1338 0.10969006004605963 220.55938733020633 0.21581385264840608 2.2479894463716663e-01 0.23062971663417328 0.23761950972573448 0.0026646027174574427   
224 1344 0.11966893761404328 216.39265662891899 0.21581385264840608 2.2013394180473445e-01 0.23310891463911154 0.23715427035789338 0.011561863933973848   
225 1350 0.08623118924662633 232.2317722930713 0.21581385264840608 2.2068452483591405e-01 0.22453926677258856 0.24637960031666784 0.009261230908701984   
226 1356 0.07119429034829444 222.0052326394681 0.21581385264840608 2.2136231100727097e-01 0.22364420659225004 0.23171751544695454 0.006073507008018342   
227 1362 0.05911106957263403 217.77711267801524 0.21581385264840608 2.2367834627904409e-01 0.23066449240818238 0.2397710760210322 0.008008524339471634   
228 1368 0.04497213115147457 213.94450761403874 0.21581385264840608 2.1940473732547353e-01 0.22603178471007743 0.2305035425641512 0.0022843962112238103   
229 1374 0.052438787253226 204.49619976148375 0.21581385264840608 2.2456087115654033e-01 0.23401503351922043 0.24068937336061974 0.009383034236317755   
230 1380 0.04200507244927268 235.37118431463836 0.21581385264840608 2.2453510140200050e-01 0.23016186440655595 0.2318493305575307 0.00436653853461591   
231 1386 0.04160383397887003 230.50447922908253 0.21581385264840608 2.2080478045590191e-01 0.22812740397756132 0.23247983528612431 0.005913697577044463   
232 1392 0.05345628860986714 196.32978613364466 0.21581385264840608 2.2031636900166790e-01 0.23065835628342915 0.24014185301927388 0.016188066983566285   
233 1398 0.062044564977639625 261.3295918996803 0.21581385264840608 2.2115775164631987e-01 0.2281811917352735 0.23197846836631428 0.002142817722668222   
234 1404 0.055861239345629955 288.8830323825009 0.21581385264840608 2.3239668824983151e-01 0.23639691286204756 0.24359139575345762 0.0070739400181283885   
235 1410 0.07317728490092089 293.7929868243562 0.21581385264840608 2.2094220666315756e-01 0.2247444671826612 0.23828642505705275 0.01651554543046363   
236 1416 0.08928177267279411 457.2212743593119 0.21581385264840608 2.2250476826865012e-01 0.23047987107497367 0.24724199665314073 0.015183274246033829   
237 1422 0.07337963943730846 559.3309839836866 0.21581385264840608 2.2295370193771136e-01 0.22555846070774876 0.23677909182778095 0.012532560019451522   
238 1428 0.05384367016158568 551.8487296352458 0.21581385264840608 2.2207271080913682e-01 0.22388229565324924 0.22898794021469696 0.004290064777616037   
239 1434 0.0416610831842985 497.9267527756683 0.21581385264840608 2.2339105534768991e-01 0.22869477721736245 0.231045130123786 0.004295895101253083   
240 1440 0.03513513354229044 474.0176104569273 0.21581385264840608 2.2381330659715692e-01 0.23220705296207395 0.23922674349096307 0.009248398058887858   
241 1446 0.02512621581420362 505.4337369487282 0.21581385264840608 2.2467919051769303e-01 0.22797036461777226 0.23550789723756044 0.005486384038341785   
242 1452 0.02502695354091335 457.25486305512095 0.21581385264840608 2.2320866465660735e-01 0.22844400450229138 0.2532650238978522 0.0053715547314323875   
243 1458 0.0254620880695543 470.33388566656606 0.21581385264840608 2.2356088487796599e-01 0.23166955171925988 0.23978406578006695 0.008566222118521705   
244 1464 0.03279068093415216 353.76908908154974 0.21581385264840608 2.2387359792649406e-01 0.22857029255791125 0.2401140967659856 0.003535541982080115   
245 1470 0.03369031821436217 276.4299917987851 0.21581385264840608 2.2253406904734344e-01 0.23138196917771411 0.24082865384003813 0.009682213262857398   
246 1476 0.027141642186961707 325.585884389981 0.21581385264840608 2.2179585450647821e-01 0.22681663671412433 0.23134880384357814 0.008743577991285861   
247 1482 0.021810224458259843 360.8762683403552 0.21581385264840608 2.2354172232644789e-01 0.22737311228028667 0.23147501836352113 0.0064175825066153935   
248 1488 0.024211487085094106 304.7503488747084 0.21581385264840608 2.2298749395245204e-01 0.2262976936956296 0.23200852977105985 0.003443779212034981   
249 1494 0.021904040259729432 322.1429364078266 0.21581385264840608 2.2099715971192488e-01 0.22912171017498661 0.23369940741542206 0.008101391536295716   
250 1500 0.017151274735531217 371.85378342834986 0.21581385264840608 2.2524998200723415e-01 0.23760298591750362 0.24457886589395178 0.016590659506336758   
251 1506 0.016370351015040974 379.0429844686903 0.21581385264840608 2.2354527408373842e-01 0.2288646460146445 0.24380333207208718 0.019070321291005082   
252 1512 0.013966049179438793 396.75152619487375 0.21581385264840608 2.1776511393658352e-01 0.23019060662039234 0.2384431342863006 0.00991167636000076   
253 1518 0.019022449427910367 403.28049399039895 0.21581385264840608 2.2391651897020343e-01 0.23213517269252731 0.24774831680846926 0.008913311500113763   
254 1524 0.025786812041047227 544.9728629669996 0.21581385264840608 2.1869013465876552e-01 0.2241060547706067 0.22509609979065703 0.003195657542242325   
255 1530 0.03028380414888662 791.6460299135757 0.21581385264840608 2.2174526723592508e-01 0.23351520059281022 0.23962205215804602 0.004061690848640581   
256 1536 0.02940593288943748 891.3970755128025 0.21581385264840608 2.2696251483845306e-01 0.2334898978452469 0.24302232572721383 0.004960676529754238   
257 1542 0.029526120652420242 1315.9208343060275 0.21581385264840608 2.2238195962668994e-01 0.23555249320096788 0.24922071739215904 0.009489946510320868   
258 1548 0.024488003306985657 1284.6930082286053 0.21581385264840608 2.2259444627057545e-01 0.22483376842537645 0.23769458294677764 0.009681380714800208   
259 1554 0.023769297280130625 1206.8294024447923 0.21581385264840608 2.1674017576042426e-01 0.22573814423441327 0.23229384601756017 0.007407764044877613   
260 1560 0.03526394011581631 1468.0394757391025 0.21581385264840608 2.2592783812688011e-01 0.23171909565139662 0.23950386835215232 0.007888729296997438   
261 1566 0.036908693710368284 1338.736379426072 0.21581385264840608 2.1881759858917102e-01 0.22888986398348554 0.23440299076768759 0.0033883133223326367   
262 1572 0.031914353405741315 1652.3681601046483 0.21581385264840608 2.2162481871566159e-01 0.2288251719587862 0.23773769614295848 0.005874825549004592   
263 1578 0.029317645634766732 1445.173298350744 0.21581385264840608 2.2154073222589446e-01 0.2268149154989359 0.22781661326488337 0.005381856936250651   
264 1584 0.03128035749445034 1302.8821559257801 0.21581385264840608 2.2468397317513406e-01 0.23020231878805553 0.2405924500153649 0.00724318952982661   
265 1590 0.02669481647501741 1622.7962827235988 0.21581385264840608 2.2206829755914498e-01 0.22581708000401926 0.23289199680939782 0.009237015640655072   
266 1596 0.02689074055260474 1414.8615075104324 0.21581385264840608 2.2573501916956742e-01 0.22650450996649862 0.23327663528199677 0.0020146347458152025   
267 1602 0.027128716203948747 1712.3177325143597 0.21581385264840608 2.2193211163299234e-01 0.23170807360321402 0.23698352495580893 0.012345170623842522   
268 1608 0.02203038255710822 1966.4359157402616 0.21581385264840608 2.1820091821605575e-01 0.22889355011033163 0.23257122298986968 0.005603099553716434   
269 1614 0.023380434890194368 2124.918333362016 0.21581385264840608 2.1991549806639471e-01 0.2313271676790946 0.2455974179554229 0.016446156886484237   
270 1620 0.02558414273516436 1626.3310565561649 0.21581385264840608 2.2161626541195339e-01 0.22783353089813646 0.2466071452706014 0.015271928548783203   
271 1626 0.02138043112458902 1362.6879184893564 0.21581385264840608 2.2491125836959847e-01 0.23273513118879827 0.2450100075368646 0.00629065511916671   
272 1632 0.025264001164480437 1220.8594307003345 0.21581385264840608 2.2217729604909681e-01 0.22522373248601057 0.23102218736507182 0.003460499621496943   
273 1638 0.03184461451845959 1587.0583859131839 0.21581385264840608 2.2315657829547653e-01 0.23393253158947652 0.2399411460736779 0.013193469333343755   
274 1644 0.03504090274438888 1489.9665187726011 0.21581385264840608 2.2274553367774319e-01 0.227204240063479 0.23619462855009643 0.00503161440892283   
275 1650 0.03857152007382804 1715.8630003312646 0.21581385264840608 2.2255538097487423e-01 0.22863150495540926 0.23011194826170947 0.005983583900319889   
276 1656 0.0469979948153439 1704.1335538894427 0.21581385264840608 2.1917423359932703e-01 0.2260935347105933 0.22783365269216754 0.006712368674142266   
277 1662 0.047297428545937624 1330.6260903669906 0.21581385264840608 2.2099591186955056e-01 0.22356308134250957 0.23205033947643577 0.0035413577486740344   
278 1668 0.044249379886019576 1141.4011038863755 0.21581385264840608 2.2759100279794442e-01 0.23369989607023434 0.2376737838891967 0.004337525437232814   
279 1674 0.03208148963390963 1416.477157489737 0.21581385264840608 2.2010511093578247e-01 0.23129888464278905 0.23715002468973417 0.009591062470842682   
280 1680 0.026296636151776912 1839.9092987292888 0.21581385264840608 2.1775612399969016e-01 0.22017683910684122 0.23160518265362146 0.007879453493604416   
281 1686 0.02970642009207986 1757.161076058321 0.21581385264840608 2.1916393500293863e-01 0.22971938508832632 0.24038043393963304 0.008309307920062126   
282 1692 0.04010693145425577 1443.2623383244359 0.21581385264840608 2.1918618727263556e-01 0.22608477664069512 0.23228956205078843 0.004694857874112224   
283 1698 0.03958510871660817 1826.0982543282203 0.21581385264840608 2.2395852989479004e-01 0.22743220513260376 0.23759268319882076 0.005221820689569473   
284 1704 0.04064923948140783 1751.9405395078759 0.21581385264840608 2.2190599904434377e-01 0.23081174991253883 0.23240519341303528 0.009095392592751023   
285 1710 0.029178581908412677 2086.797950766022 0.21581385264840608 2.2304457887709556e-01 0.23283482311772757 0.23788273359641193 0.010852726809533475   
286 1716 0.03590827494942749 2273.4845666921087 0.21581385264840608 2.2253840649599926e-01 0.22678739836324166 0.23218085532655403 0.0035522466172589195   
287 1722 0.030056416644598065 2405.2255149366347 0.21581385264840608 2.2412707586831157e-01 0.22950458961710618 0.24148143307395492 0.006068042072060631   
288 1728 0.023792381347505415 2926.7390623417673 0.21581385264840608 2.2098162037707408e-01 0.22563378902996256 0.2382409729946191 0.0022262358853295805   
289 1734 0.020945803660756487 3525.7305206544797 0.21581385264840608 2.2707727486405713e-01 0.23253007116285962 0.23798493696353273 0.005482469165416837   
290 1740 0.025375320191382167 3615.234658658858 0.21581385264840608 2.2237308114058749e-01 0.22825442164817195 0.2393316934723267 0.01329910967765402   
291 1746 0.025777802117599877 5820.666290236429 0.21581385264840608 2.2027002074917135e-01 0.23286995750290843 0.23912893727836548 0.01031093058411961   
292 1752 0.024701785807454735 6977.79985328494 0.21545660649573542 2.1545660649573542e-01 0.2260532273703513 0.23713987671599845 0.011179790246515164   
293 1758 0.02263963736727527 6618.863945674122 0.21545660649573542 2.2412095867412379e-01 0.22841042866473021 0.23268170311230205 0.005634689797127612   
294 1764 0.030944272082913782 7669.751214906667 0.21545660649573542 2.1826796213858982e-01 0.2276921422359438 0.22990835836295345 0.008233071501070166   
295 1770 0.05353030149918227 8696.622846517244 0.21545660649573542 2.2318912859932677e-01 0.23256679276485148 0.24218490320038416 0.004248851912327434   
296 1776 0.07576107098078842 9527.25754445093 0.21545660649573542 2.2401270184745387e-01 0.23115396114364364 0.23687433706812017 0.006768289973573094   
297 1782 0.14448355222891837 13565.43553098355 0.21545660649573542 2.2482855975364788e-01 0.22949579942446888 0.23541710720171588 0.004891117620931196   
298 1788 0.19959534203342713 14083.039927468315 0.21545660649573542 2.2282112793716286e-01 0.22844424105617905 0.24082486078101514 0.004458019284620973   
299 1794 0.1545110639366139 13783.90169862336 0.21545660649573542 2.1997004551694643e-01 0.22316723080718298 0.22765183413221415 0.003965495489541893   
300 1800 0.14629459987411972 14498.394860699971 0.21545660649573542 2.1955986641044173e-01 0.22293980290590149 0.22804785375125902 0.0023927282828716534   
301 1806 0.14110787071999603 18326.052766530833 0.21545660649573542 2.1860807958709555e-01 0.2276428966300499 0.23531818459455212 0.005662344628100224   
302 1812 0.1561276167408858 21060.36944645347 0.21545660649573542 2.2025018741954511e-01 0.2253920625314221 0.22777271673166072 0.003914978723783741   
303 1818 0.14099487895044782 18666.10117937464 0.21545660649573542 2.2230152093860839e-01 0.23088163754425 0.23982163134882165 0.004563841866539048   
304 1824 0.1300150462545759 19708.369110488522 0.21545660649573542 2.2618880992612961e-01 0.23158000511168553 0.2385347204114226 0.007054753672567249   
305 1830 0.11820299879042075 15080.082954969399 0.21545660649573542 2.1983191500973964e-01 0.22510757330050812 0.23607314363276027 0.007711072057975582   
306 1836 0.1275322638459327 13280.365833977894 0.21545660649573542 2.2112616914823358e-01 0.2294839716142015 0.23390005075495574 0.00766972484978623   
307 1842 0.13671840459796342 17422.519244203973 0.21545660649573542 2.2080233762233570e-01 0.22725183156815965 0.23939254494312606 0.003572880547347085   
308 1848 0.2297277261447509 12311.602389360309 0.21545660649573542 2.2233085802091096e-01 0.22612283204216466 0.24006746672719545 0.013453441919083653   
309 1854 0.20388857450958967 11046.795340739018 0.21545660649573542 2.2198889524254367e-01 0.22743709626350378 0.2357734223037238 0.0036865952637885613   
310 1860 0.18797585039426273 12199.441488854065 0.21545660649573542 2.1761491244790676e-01 0.22915295642370476 0.23840411312381463 0.006601926814625875   
311 1866 0.13969847591452245 14733.385009408203 0.21545660649573542 2.2398105705920041e-01 0.22867559357750716 0.25545154005551374 0.011074705414457015   
312 1872 0.15934137769246887 13500.361002149992 0.21545660649573542 2.2181391089285163e-01 0.22910056208791715 0.23665747919229385 0.009903841397085361   
313 1878 0.1725869067048199 15837.939254635094 0.21545660649573542 2.1981753324229072e-01 0.22852170346882483 0.23105928001633483 0.004352169100709707   
314 1884 0.1703696035978701 19112.59108251832 0.21545660649573542 2.2299705201507852e-01 0.23571761720702886 0.24111449725572948 0.012388921471734926   
315 1890 0.14814059318393433 19528.945663907674 0.21545660649573542 2.2195053221671424e-01 0.23206109759359494 0.23219741646114223 0.004810373609003604   
316 1896 0.16522137331045628 18907.877956827575 0.21545660649573542 2.2309465467145845e-01 0.22718585568886834 0.22979009885999485 0.002625625708461754   
317 1902 0.14746829667138292 13252.92977511484 0.21545660649573542 2.2228452510073110e-01 0.22883262526104342 0.23630190866262274 0.008222300743434996   
318 1908 0.15014802299796032 11953.782970665065 0.21545660649573542 2.2346833656625903e-01 0.22653788820447962 0.23505660309216328 0.006791314389585024   
319 1914 0.14283403474061918 14996.682404562362 0.21545660649573542 2.2213120954877311e-01 0.23640377472055585 0.24848474306612794 0.014256722552394269   
320 1920 0.14071481720876294 13875.210001249194 0.21545660649573542 2.1965963489828211e-01 0.2261097222413747 0.23004389084741236 0.002137819708110944   
321 1926 0.13148520429310578 12252.30531803722 0.21545660649573542 2.2220376209427217e-01 0.22928672362818642 0.23567079742600291 0.006389948532071699   
322 1932 0.1252704459606758 12515.68204152079 0.21545660649573542 2.2102941787341140e-01 0.2289035040344632 0.2373197880330873 0.010924830958882997   
323 1938 0.1702249895828074 15424.289398839232 0.21545660649573542 2.2249154774742780e-01 0.22827858961218578 0.23608260194095682 0.005438211379733077   
324 1944 0.14577523991245642 13398.710751955323 0.21545660649573542 2.1893526717901685e-01 0.22489126618763666 0.2295097074171109 0.006340239268716491   
325 1950 0.14274364089664265 17065.114692880805 0.21545660649573542 2.2295418176208476e-01 0.230130534893463 0.2521823382888318 0.004973278324441971   
326 1956 0.11396521299032168 18185.137785992054 0.21545660649573542 2.2063081184968036e-01 0.23068004324343358 0.24324285502369491 0.004752968915542499   
327 1962 0.1082391036641887 19952.35506142738 0.21545660649573542 2.1906619196856031e-01 0.2268014068528582 0.2411630656085474 0.012241973683541157   
328 1968 0.15568713809684978 18885.56896684431 0.21545660649573542 2.1987026221231520e-01 0.2276255912772017 0.23774679712793115 0.003957301396094043   
329 1974 0.20257700525213831 34308.66572405433 0.21545660649573542 2.1917276633034549e-01 0.22783677732246582 0.23028672489199287 0.002802314739293932   
330 1980 0.21393721811873784 44923.02155195136 0.21545660649573542 2.2149694188109051e-01 0.22818604630879707 0.24607660375452864 0.005948574293134723   
331 1986 0.22192319967562268 45814.43067014788 0.21545660649573542 2.2312027852912802e-01 0.23146008035892374 0.23441881575184093 0.0067904379522468195   
332 1992 0.18635805723205917 40342.14403113685 0.21545660649573542 2.1750805214730085e-01 0.23162643669024535 0.23735930811326098 0.014522009969862887   
333 1998 0.14493138826358362 46709.499323596414 0.21545660649573542 2.2111061633388568e-01 0.2251889057812812 0.23314255902743597 0.004540569705029307   
334 2004 0.10514311747308386 57015.242476581974 0.21545660649573542 2.2075066532529808e-01 0.22476725438391626 0.2339268852245526 0.00033327524994711255   
335 2010 0.08588314947948318 60403.113075304165 0.21545660649573542 2.2223062779948796e-01 0.22584532668077323 0.23445300535849023 0.006204315367336344   
336 2016 0.07735076528026165 71523.19714989384 0.21545660649573542 2.1809383148971911e-01 0.22603206666742381 0.23055349273845938 0.007294021604131867   
337 2022 0.08134194262439186 58593.08369952665 0.21545660649573542 2.2177666299927354e-01 0.22875792676883 0.24039662929584793 0.015674584125936086   
338 2028 0.12139893357960246 54864.58568860128 0.21545660649573542 2.2295803039597806e-01 0.2252303133365141 0.2392757416240341 0.0027564250810724056   
339 2034 0.10496819012750669 65766.46988779325 0.21545660649573542 2.2318114974951250e-01 0.2335629315378171 0.24650551143212346 0.012236221431934091   
340 2040 0.10016010148575771 75048.63008772775 0.21545660649573542 2.2310889612085716e-01 0.23197667168000044 0.23499913113125095 0.010262723913335908   
341 2046 0.07366228300300283 64232.15098702211 0.21545660649573542 2.1739803655775880e-01 0.22662496554473738 0.23553346436897094 0.01319072130114754   
342 2052 0.06677548924361787 53715.24487751314 0.21545660649573542 2.2171186936634368e-01 0.23065540475887641 0.2466264653643576 0.012318414979446218   
343 2058 0.054685850082806686 44051.39543785382 0.21545660649573542 2.2760573389048772e-01 0.23317433148265085 0.23504819402642663 0.006355001562932894   
344 2064 0.05833030825185795 46469.22406977697 0.21545660649573542 2.2555318944395583e-01 0.22976540971745857 0.23955488497713345 0.0034844341102891196   
345 2070 0.07979464702873397 43928.64518504494 0.21545660649573542 2.1947421438102066e-01 0.22926779999015173 0.23143217709317382 0.006755792161044605   
346 2076 0.06981696722458482 61602.12866891661 0.21545660649573542 2.2493298537047662e-01 0.2286922611755931 0.24281576646199637 0.003536051003847185   
347 2082 0.07924723438770483 72049.97562263663 0.21545660649573542 2.2352073900775443e-01 0.22792663900784702 0.23017128634366946 0.004829360065099653   
348 2088 0.0910836498744386 91903.4606725062 0.21545660649573542 2.2168393369794720e-01 0.22668095109227987 0.23498743677288378 0.008592931427955641   
349 2094 0.1029324102593959 128646.40729660324 0.21545660649573542 2.2205593772943388e-01 0.23102554348047127 0.23541586370358247 0.005481981590552271   
350 2100 0.12857591682302377 155208.92312240874 0.21545660649573542 2.2296125683413359e-01 0.22907918736946528 0.253742310577661 0.006685868785792692   
351 2106 0.13286455901274016 105574.86582772149 0.21545660649573542 2.1655910026059824e-01 0.2254882725487482 0.2326591096340565 0.0061560585603317175   
352 2112 0.10170095938057803 83912.2203222812 0.21545660649573542 2.2211808564563598e-01 0.23507615193819648 0.23986382962006206 0.007491876424118138   
353 2118 0.0764767845802329 87823.48344733792 0.21545660649573542 2.2413593088265116e-01 0.2306690976570464 0.232548447707483 0.006880961440566213   
354 2124 0.06834137332989372 87186.67768454086 0.21545660649573542 2.2170987965078173e-01 0.22696394920322646 0.23818962228031473 0.0023752809533511   
355 2130 0.06572072894461181 91288.86716566049 0.21545660649573542 2.2267876470018050e-01 0.2336708628420746 0.24261332401520788 0.01750146915822426   
356 2136 0.07121519242320772 104518.60173983981 0.21545660649573542 2.1953704862027940e-01 0.23007793149062755 0.23685153140066242 0.006660049062843787   
357 2142 0.05380294499403835 133631.47276845863 0.21545660649573542 2.2527346993298741e-01 0.22669555870204128 0.23143498560658596 0.004293280883951894   
358 2148 0.043685031984228795 114133.54231289931 0.21545660649573542 2.2577652841382995e-01 0.22836748393321293 0.23213055371315894 0.002539969922588342   
359 2154 0.04324900492270611 101253.30978843813 0.21545660649573542 2.2475306477990137e-01 0.22829419020408623 0.23572446778568518 0.0044758604027020366   
360 2160 0.042510502637223876 119836.56113738107 0.21545660649573542 2.2285642924905510e-01 0.22806098006228775 0.2301908180260961 0.0010589732163626409   
361 2166 0.03508300670410877 152192.11135005028 0.21545660649573542 2.2158715594199649e-01 0.22725253462865355 0.23474838744461024 0.004561214708214495   
362 2172 0.03294808593084762 155543.55644022257 0.21545660649573542 2.2554882976605203e-01 0.23107250296235532 0.23200790117924808 0.005193372512536321   
363 2178 0.03328004856055014 165931.47536255541 0.21545660649573542 2.2279738209673455e-01 0.2237500426460327 0.2263337009489983 0.0028135608512114274   
364 2184 0.0284699985254918 210214.91082541115 0.21545660649573542 2.2082355803054909e-01 0.22731124122685337 0.23259821890893495 0.004109266990303173   
365 2190 0.03826049389711747 219015.48227441672 0.21545660649573542 2.2132213653669613e-01 0.22468746871519565 0.23372361092894606 0.00884596527837217   
366 2196 0.06979776275851901 311243.9463178704 0.21545660649573542 2.2204727057801185e-01 0.22934793677082435 0.23554774325512778 0.0031126830716726728   
367 2202 0.1123550068619349 249713.3167442413 0.21545660649573542 2.2599577936374654e-01 0.23245934210868993 0.23744266190477092 0.005207994522940268   
368 2208 0.15035541103775166 243327.89051128516 0.21545660649573542 2.2387919997780414e-01 0.23140951847057162 0.2332382257324584 0.008012208109689584   
369 2214 0.1306764828597686 242187.62651031034 0.21545660649573542 2.2577389408154672e-01 0.23171962462460544 0.24616152495574672 0.015391900642834272   
370 2220 0.1064578969727748 272181.69006085955 0.21545660649573542 2.2056832858355585e-01 0.23059159536498763 0.23665970910791123 0.011069285978242083   
371 2226 0.09582864851024944 301363.1196602396 0.21545660649573542 2.1873874446826791e-01 0.22784020212789488 0.23194294812761768 0.006880014896529785   
372 2232 0.10626026889762102 287304.47111692245 0.21545660649573542 2.2413140125032574e-01 0.23047699919804418 0.2371555422965915 0.004126186326113196   
373 2238 0.13350464143783766 331774.8671982079 0.21545660649573542 2.2111847344705676e-01 0.22725234553822632 0.23952876432979087 0.005627809211514817   
374 2244 0.12857139342264484 481260.3754912558 0.21545660649573542 2.2288495274433034e-01 0.23041080188067598 0.2361050464962411 0.005494645823787198   
375 2250 0.10841414782165694 450319.50581529853 0.21545660649573542 2.2336975741393300e-01 0.2338031583335482 0.23662338254216192 0.00978245499940772   
376 2256 0.09420771025554113 497617.2906241322 0.21545660649573542 2.2020078170618806e-01 0.23378996655453144 0.23606998132803406 0.00828168035197177   
377 2262 0.11075870068439073 520089.5375960569 0.21545660649573542 2.2710465898767035e-01 0.23024620533853157 0.24656295275986417 0.004433699647670819   
378 2268 0.10820894617656451 355762.6490858134 0.21545660649573542 2.1908814860823220e-01 0.23156609082545807 0.23781473007383125 0.00814660013828647   
379 2274 0.11733471143049604 408172.7023053832 0.21545660649573542 2.2491640832043788e-01 0.2335775692207443 0.237636953539287 0.007941929895262823   
380 2280 0.10825264659586033 434003.538171476 0.21545660649573542 2.2459452815660275e-01 0.23113155426113782 0.26505049459798125 0.008433924337227588   
381 2286 0.0829656531485747 402280.54288095585 0.21545660649573542 2.2171158640568361e-01 0.22848408579557278 0.2327800498431919 0.007951477426443143   
382 2292 0.06144232276166511 495210.8898640158 0.21545660649573542 2.1949633527578694e-01 0.2263294544632924 0.23708785939170052 0.00558969327553363   
383 2298 0.06894846749302318 523642.60885673383 0.21545660649573542 2.2289762292847801e-01 0.22618715920071703 0.23427766226157018 0.002707553387782058   
384 2304 0.0630202252930828 359703.27006302506 0.21545660649573542 2.1794709099217172e-01 0.2329147377969509 0.25159565839038556 0.013127491055568319   
385 2310 0.07590408594788392 267814.90831633017 0.21545660649573542 2.1767428477800263e-01 0.23085801261776873 0.24160274791271927 0.014915412845503961   
386 2316 0.0681291761884215 281336.5079680604 0.21545660649573542 2.2244473962971567e-01 0.23117794195713492 0.23900391043552316 0.007834403763015974   
387 2322 0.08970694619759961 369892.0001914116 0.21545660649573542 2.2473098914404085e-01 0.23317965649074995 0.24708992911082667 0.008530888223706456   
388 2328 0.08656009996197206 230451.42412099845 0.21545660649573542 2.2274338272271219e-01 0.23056969086136536 0.24850904423581732 0.0058764634185779485   
389 2334 0.11243905132547725 302256.3251146437 0.21545660649573542 2.2272955252737042e-01 0.22463080911382222 0.22833120926412773 0.0035314890997338033   
390 2340 0.15066514711791087 428021.1920373474 0.21545660649573542 2.2200992373323694e-01 0.23129739527487653 0.2416295633974911 0.009263803403964904   
391 2346 0.16116023757742054 404015.14305081207 0.21545660649573542 2.2423460501455839e-01 0.22944822018328884 0.23315564775254227 0.006346335271201264   
392 2352 0.16594031783838953 604033.2419897625 0.21545660649573542 2.2093141319534673e-01 0.22644664000585102 0.23697492424896838 0.0073463118692780605   
393 2358 0.16446163225001773 613593.7574133957 0.21545660649573542 2.1845432078266225e-01 0.23146335322380152 0.23836377828676952 0.005455104542366085   
394 2364 0.12109945326956383 501359.68656634353 0.21545660649573542 2.2282396602763513e-01 0.23374286070560932 0.2451155984800949 0.01348887414763389   
395 2370 0.11662344827400103 568281.4245831603 0.21545660649573542 2.1929706246932165e-01 0.22694718023874516 0.2463024679460977 0.012557011640530108   
396 2376 0.13138094458275174 538405.0832856096 0.21545660649573542 2.2338990586487054e-01 0.22532235109421744 0.24274847801743082 0.00889052409173155   
397 2382 0.19302452216298566 454453.77066432306 0.21545660649573542 2.2206653117964190e-01 0.2285558758651536 0.23528371197669007 0.009169592154931655   
398 2388 0.2393898800143171 327546.934584936 0.21545660649573542 2.2109953351156403e-01 0.22693754738923236 0.2298403053171841 0.006407350834019221   
399 2394 0.2084338082180887 430531.5636070422 0.21545660649573542 2.1869726089799413e-01 0.22764389347029645 0.23167190182987696 0.007972523670260107   
400 2400 0.19746414670952234 423410.1922362224 0.21545660649573542 2.2031742943445506e-01 0.2289396923400313 0.23515340314574906 0.004947083724159473   
401 2406 0.23073329884246743 534310.3916027955 0.21545660649573542 2.1735907207403693e-01 0.22777900792468847 0.2321811054842603 0.007976184080330434   
402 2412 0.19947546576786923 585693.5485858603 0.21545660649573542 2.2119347178903603e-01 0.23508635027880254 0.23669629707478884 0.01251198428726466   
403 2418 0.20906124870033008 483613.15175718296 0.21545660649573542 2.2240487165155393e-01 0.23229451957050667 0.23668635862130713 0.009834103036569786   
404 2424 0.20810969258043174 546407.5479334904 0.21545660649573542 2.2121990022801111e-01 0.2267749104054965 0.23268529002890073 0.004616052814335636   
405 2430 0.21843308286688004 646148.3842511168 0.21545660649573542 2.2398283796426866e-01 0.22883500060950296 0.23202061649351768 0.005066040842095776   
406 2436 0.23516655884538354 638543.5347246908 0.21545660649573542 2.2085213560435313e-01 0.2309255176840947 0.23716785028476045 0.005431691069602729   
407 2442 0.2146151032329391 981658.3823773959 0.21545660649573542 2.1923240395847571e-01 0.22740630915087892 0.2355830445599456 0.007009090555639197   
408 2448 0.24158835207494525 926447.3449033687 0.21545660649573542 2.2177801700698507e-01 0.22415511330984983 0.236217586808374 0.005865190912962448   
409 2454 0.2791873748420949 896650.7227428741 0.21545660649573542 2.2258900003339005e-01 0.22901218102904633 0.23863455064674555 0.013338417094286542   
410 2460 0.21428278573789772 1110301.9099793658 0.21545660649573542 2.2266771739373373e-01 0.22682367024523437 0.24045619529135215 0.00871407780823627   
411 2466 0.19027805688880384 1.0000250003125026 0.21545660649573542 2.2244228770165736e-01 0.23304653144670714 0.24218290010733556 0.011187152628571811   
412 2472 0.21412018142131414 1.1935893373832913 0.21545660649573542 2.2073314098961139e-01 0.22880262362738626 0.22965586296619656 0.006585616947418771   
413 2478 0.2728188559520862 1.4607480858348647 0.21545660649573542 2.2145653592653530e-01 0.22769634354825108 0.23084323519357708 0.005892286129072888   
414 2484 0.26455723408238513 1.7473138412115148 0.21545660649573542 2.2424419758728714e-01 0.22969959618504335 0.24098798119106649 0.00621782737996826   
415 2490 0.2687055827494876 2.018772123028525 0.21545660649573542 2.2039264181378909e-01 0.23238984979765145 0.2361050206562736 0.011721991256138292   
416 2496 0.345540402740927 1.94118424073864 0.21545660649573542 2.2253949760707087e-01 0.23287671796339712 0.23562491021826348 0.006406435823985118   
417 2502 0.3571904101548015 2.1401819054936673 0.21545660649573542 2.2471935400538778e-01 0.23055265680176523 0.23891627230483056 0.012953204762431558   
418 2508 0.425032737634173 2.0728935996872235 0.21545660649573542 2.1949282297897327e-01 0.23542482598775272 0.23838538980831958 0.01044303628776816   
419 2514 0.3145397479084177 2.5291813546880006 0.21545660649573542 2.2388704382515351e-01 0.22664452807841223 0.2316424006816703 0.0035488478690075265   
420 2520 0.36378409335246553 2.520798815094699 0.21545660649573542 2.2441532285053523e-01 0.2364055013074706 0.2446958120934017 0.01515017572763766   
421 2526 0.40582698451054555 2.7488318582432263 0.21545660649573542 2.2414040191146384e-01 0.22653853737748514 0.23692283692982444 0.0034539067261354084   
422 2532 0.4519020185521403 2.4967560882998363 0.21545660649573542 2.2156102737558730e-01 0.23011318307965017 0.2313519742118458 0.0036419348136202956   
423 2538 0.4196240654854205 2.247713729037378 0.21545660649573542 2.2032274568798721e-01 0.22420698522660581 0.22954517488002135 0.00382416741528932   
424 2544 0.4738772622333248 2.1973142565663886 0.21545660649573542 2.2145467651350637e-01 0.23476186098318685 0.23907865636481557 0.010018982371074486   
425 2550 0.4419573984039928 1.9509999202008306 0.21545660649573542 2.1827023493258940e-01 0.2297378101649692 0.23704496454205476 0.007625331092616094   
426 2556 0.34818583744415715 2.1121254223882175 0.21545660649573542 2.1854582569375222e-01 0.22528204796213525 0.23938518618220853 0.01258398632775079   
427 2562 0.27045343079986217 1.825510638946084 0.21545660649573542 2.2379428055269729e-01 0.23391693282443804 0.23442443639257235 0.009686495480486612   
428 2568 0.28640729855024566 1.5852378767657034 0.21545660649573542 2.2022366216835054e-01 0.22632223645615185 0.22690545126589956 0.004206536461867416   
429 2574 0.28760401348028897 1.6071183856452338 0.21545660649573542 2.2035404532923467e-01 0.22680534509173034 0.23254938828428434 0.0037890938318122513   
430 2580 0.22858238566815392 1.9731740024078557 0.21545660649573542 2.2092510969438400e-01 0.22629613183191732 0.23407525947326385 0.002895794503387561   
431 2586 0.2482340581465797 2.099229370434195 0.21545660649573542 2.1975111075180703e-01 0.23039057144547473 0.23781305814943732 0.014793802489470542   
432 2592 0.21317451273271473 1.7734083849398723 0.21545660649573542 2.2125355438780225e-01 0.22892189056906784 0.23840121426773753 0.005263731517815395   
433 2598 0.31424813638298066 1.5541771118735241 0.21545660649573542 2.2059985308793134e-01 0.22436711680481902 0.24204119220042142 0.0007702677822429838   
434 2604 0.3083601175732815 1.4923036012803383 0.21545660649573542 2.2522016816459284e-01 0.22786853703993323 0.24431133130491256 0.006210962421833888   
435 2610 0.23772152194555782 1.6705566178288918 0.21545660649573542 2.2267587643332915e-01 0.22566532949862436 0.23057419091610326 0.003997159714886872   
436 2616 0.23135946687195252 1.7612577910603022 0.21545660649573542 2.1864770693390942e-01 0.2275147807700944 0.23655421344731153 0.008421643711180204   
437 2622 0.2263549460251546 2.081874575730409 0.21545660649573542 2.2562326366188035e-01 0.23044740211788295 0.2366526170650912 0.009948634356413022   
438 2628 0.2296748218026816 2.2717838028605923 0.21545660649573542 2.1811204383196520e-01 0.23123073356007093 0.2349814724227975 0.0069448066447815315   
439 2634 0.1933597084718467 2.849730486909258 0.21545660649573542 2.2209965446801638e-01 0.2299738731684434 0.2339358071321085 0.005509565779430264   
440 2640 0.20696317771213313 2.795291043189986 0.21545660649573542 2.2067621318613986e-01 0.22827471355360138 0.2373622949965323 0.011216187440815872   
441 2646 0.2687066635434477 2.396789688647374 0.21545660649573542 2.2232774015428897e-01 0.22821718526990478 0.2299842924264261 0.0036096072217352837   
442 2652 0.22922846211467116 1.7979929284243337 0.21545660649573542 2.2153999731242460e-01 0.22813595744382636 0.23089252650878367 0.0012680307508907418   
443 2658 0.24489206799138755 1.9869456326880315 0.21545660649573542 2.2295738781314273e-01 0.22542981278853474 0.2342478072305767 0.0035092708274800377   
444 2664 0.228671521680396 2.109591790721577 0.21545660649573542 2.2793763340590162e-01 0.23069695568553103 0.23540783552079586 0.006183673516200139   
445 2670 0.23823083107205842 2.1658751239668024 0.21545660649573542 2.2186378167284665e-01 0.22884905976008443 0.23800015521810106 0.01113156031466428   
446 2676 0.23831395479229608 2.710426756706874 0.21545660649573542 2.2206733792891373e-01 0.23226529572629181 0.24248196334632477 0.0035485551382123115   
447 2682 0.2493992342460093 2.9677680470107615 0.21545660649573542 2.2094670954079543e-01 0.23115583666953182 0.2384933523470218 0.008548846680083433   
448 2688 0.223552739322096 2.435671157144272 0.21545660649573542 2.2128095000176295e-01 0.2310503177030443 0.2406990233408273 0.006696847552308344   
449 2694 0.2165230539499929 2.7702468789392243 0.21545660649573542 2.2332042580974765e-01 0.22738740347953834 0.23322975938008716 0.0044423199599142316   
450 2700 0.19340482260052716 2.9849779833606904 0.21545660649573542 2.2223606725199346e-01 0.22633197203284972 0.23896318023607854 0.006304369671503607   
451 2706 0.1962569272296989 2.940288006803259 0.21545660649573542 2.2236573772998144e-01 0.2396338488835417 0.24690360885235715 0.013081433474172899   
452 2712 0.1852655073966111 3.154045385922309 0.21545660649573542 2.1846410680097880e-01 0.2284472752384929 0.23350608535574924 0.004949570181599111   
453 2718 0.18689408695076884 3.7057315693437674 0.21545660649573542 2.2110785040340655e-01 0.22548815160122165 0.23358691606759455 0.010740986524140794   
454 2724 0.18310092230971498 3.6696481347051546 0.21545660649573542 2.2133849738342237e-01 0.22728997256288505 0.2340380150620665 0.004867576797144224   
455 2730 0.2077500867602308 5.443536346734811 0.21545660649573542 2.1904200314709332e-01 0.22334268071455732 0.23190902290169502 0.008430876991606301   
456 2736 0.17460597673674108 4.881287464959863 0.21545660649573542 2.2321602243602898e-01 0.22813853690973518 0.2316063195352467 0.006022055136985477   
457 2742 0.1383888604424771 4.403648024222144 0.21545660649573542 2.2024411181596865e-01 0.2358446677858326 0.24998133202955025 0.007594376357036581   
458 2748 0.17295837581264129 4.251945132533953 0.21545660649573542 2.2064225114999308e-01 0.22892454952234303 0.23376116435058492 0.0036102263725004413   
459 2754 0.17036888030953734 3.916387898132953 0.21545660649573542 2.1853182594631099e-01 0.22589568063613685 0.22987435945746432 0.00648857693236965   
460 2760 0.19386182048199957 4.359420874456196 0.21545660649573542 2.1776137397515224e-01 0.22207458149662956 0.22920783841998277 0.008491775923412048   
461 2766 0.24918635185032292 6.562373385237986 0.21545660649573542 2.2023960686092978e-01 0.2282667101853512 0.23341387246470674 0.008286221153320644   
462 2772 0.27387661743728775 6.4879215912582575 0.21545660649573542 2.2195273524326442e-01 0.225476045692509 0.22910377598208 0.0008246187244789482   
463 2778 0.37091789584757706 8.530962756999644 0.21545660649573542 2.2540844371538632e-01 0.23089987075767582 0.23378517485277192 0.0022218251423349322   
464 2784 0.4843663224421124 14.862121777779542 0.21545660649573542 2.2342002902550756e-01 0.2272010549321601 0.2318919119679404 0.0047640852800169   
465 2790 0.4033557667345045 12.089347779262312 0.21545660649573542 2.1935821828545216e-01 0.22479995868489772 0.22794202539908887 0.006269670671258248   
466 2796 0.46166511767259333 11.07831809078467 0.21545660649573542 2.1951937616490547e-01 0.2351101042901944 0.2396285373152836 0.013131485450887354   
467 2802 0.4147065930945786 13.864584507979448 0.21545660649573542 2.1819541868089024e-01 0.2319857368067103 0.2503172420355788 0.009069433663393134   
468 2808 0.37615587094344327 15.129333364335155 0.21545660649573542 2.2107706684912096e-01 0.22536754578572407 0.24228027125773877 0.012697582948571373   
469 2814 0.30835900086406925 16.15445858264352 0.21545660649573542 2.2007298143122708e-01 0.2294003593640844 0.23490218105632038 0.01289551510948958   
470 2820 0.3323992845767593 16.9580638292526 0.21545660649573542 2.2223868524573012e-01 0.2324752699645657 0.23827511055557532 0.010606178641929948   
471 2826 0.37097121269624345 17.712007682380396 0.21545660649573542 2.2434711085939821e-01 0.22711645259048127 0.23819962687731705 0.0035584972887326427   
472 2832 0.4468939371567741 13.81924932939602 0.21545660649573542 2.1771485869808727e-01 0.22693096230056028 0.23304966244120795 0.0064024211352914084   
473 2838 0.4642990787285301 17.810028343996063 0.21545660649573542 2.1878603138973662e-01 0.2284486633772034 0.23628707970617627 0.007709265430750928   
474 2844 0.5001997827263942 18.182202717364284 0.21545660649573542 2.1664472967744974e-01 0.22636423591055915 0.23100218448670695 0.010244355211553202   
475 2850 0.4344239360818673 18.47649520119579 0.21545660649573542 2.2311608244903772e-01 0.23200863695302842 0.2420294092548275 0.010817806148410936   
476 2856 0.35264494922756356 17.781846674817064 0.21545660649573542 2.2317349209553400e-01 0.23148115397646513 0.2466210594198555 0.008701229429107171   
477 2862 0.3551915472072881 16.222235398150247 0.21545660649573542 2.2265318539143436e-01 0.22839356031893887 0.2335706730304034 0.005565569393157749   
478 2868 0.341943796596647 20.611480065149014 0.21545660649573542 2.1991695192870800e-01 0.22525569509835006 0.23766847325098472 0.008622675721899509   
479 2874 0.3212315673697174 23.458314601219357 0.21545660649573542 2.2401726022861945e-01 0.22680144692525325 0.22995550215928356 0.0019527314245142702   
480 2880 0.24578461113234526 19.964971526680603 0.21545660649573542 2.2178901875525839e-01 0.22502680294546826 0.23830049442981383 0.006779259053723785   
481 2886 0.2121894890363803 23.697169828963737 0.21545660649573542 2.1757728958925088e-01 0.22723910197094344 0.2333890631197591 0.007387417226146692   
482 2892 0.19303816062737236 27.449767227575805 0.21545660649573542 2.2380861477482605e-01 0.23063821499572204 0.23354625230675902 0.007136182851790379   
483 2898 0.24933579065900033 25.851919410478803 0.21545660649573542 2.2109993020693813e-01 0.22806626587443052 0.2323655679366075 0.004763944949290666   
484 2904 0.20908552694413407 23.10704139279346 0.21545660649573542 2.1982579739033312e-01 0.23105155025169063 0.23514549133041035 0.009019971715647779   
485 2910 0.19143344401285858 24.509068637546743 0.21545660649573542 2.2560904747842928e-01 0.23188030292201925 0.23966416805688462 0.006820961384608609   
486 2916 0.1497330885527228 19.267925154851262 0.21545660649573542 2.2589103139714695e-01 0.23806759061392893 0.2543500845259524 0.01539887165679757   
487 2922 0.17580633215877098 18.387344066342344 0.21545660649573542 2.2129957248537951e-01 0.22873244995615333 0.2428496142370752 0.012653612448209783   
488 2928 0.25121203550411164 15.10748458841385 0.21545660649573542 2.2453094027470122e-01 0.23135175484158416 0.24116635173837647 0.010133678002714808   
489 2934 0.21223535889869805 12.051507803519057 0.21545660649573542 2.2440853936759153e-01 0.22760858803562162 0.2356621064568137 0.00637345920465246   
490 2940 0.16544295965470435 13.146861672103721 0.21545660649573542 2.2704827678998435e-01 0.22859625268706962 0.2321418956451042 0.001943356000452534   
491 2946 0.14252120010556268 13.646823826889138 0.21545660649573542 2.2016980556127058e-01 0.22937993831438475 0.23701748690119712 0.010117394294355514   
492 2952 0.12148250099484308 11.093606605668306 0.21545660649573542 2.2580711016261762e-01 0.22932664780722334 0.251553996010105 0.00980790349711197   
493 2958 0.13222431582049035 10.66119956660566 0.21545660649573542 2.2059505643148147e-01 0.2273984375415325 0.2349903079521809 0.003515352408866912   
494 2964 0.1640022405710626 13.165462486627806 0.21545660649573542 2.2647710684709374e-01 0.23235451002888452 0.24363778902650923 0.0064057548481214754   
495 2970 0.2572769960714888 9.00604376337829 0.21545660649573542 2.2358455030492497e-01 0.23409548731735672 0.23778811349271506 0.011497024328225747   
496 2976 0.2659279600738187 7.819222250060737 0.21545660649573542 2.2159155944410835e-01 0.2280944540867452 0.23512099409531884 0.009023256985864314   
497 2982 0.23008487158137778 6.47758081541893 0.21545660649573542 2.1901874872609048e-01 0.22467252570028678 0.22638473932455924 0.004921359305141482   
498 2988 0.2107454820165955 6.57899477540843 0.21545660649573542 2.2003735017634043e-01 0.23081917596891838 0.23154605808968587 0.004005587652180287   
499 2994 0.2055185497448418 7.0233313284780765 0.21545660649573542 2.2338230463312381e-01 0.23089676240637513 0.24106577687953934 0.01094852044131231   
500 3000 0.3158961595905899 7.336420206497991 0.21545660649573542 2.2382300112832976e-01 0.23201171106741145 0.2341475947785933 0.007252895993274139   
501 3006 0.28905757898391066 7.448133171034803 0.21545660649573542 2.2479412371078195e-01 0.22827913230829494 0.2361093674603445 0.002364255925316222   
502 3012 0.23738214744029765 6.46137345540895 0.21545660649573542 2.2309839375820018e-01 0.23018671936706445 0.23434987604144453 0.008920640000124713   
503 3018 0.2562832067164499 6.456261492049635 0.21545660649573542 2.2052943749785259e-01 0.224120013804411 0.24483873522113464 0.009725082857528544   
504 3024 0.2558333143152388 7.242674882457677 0.21545660649573542 2.2002916549338314e-01 0.22725106629849234 0.22950342380939104 0.007732500594253261   
505 3030 0.27246217741427803 8.004483839906547 0.21545660649573542 2.2164893103471242e-01 0.22829173313023587 0.2336982125178821 0.0066952935021313   
506 3036 0.22260879287929627 8.059395180960488 0.21545660649573542 2.2015212913775623e-01 0.2250783513141404 0.23258955439306936 0.006748914839417752   
507 3042 0.1889433678078474 9.158743072191758 0.21545660649573542 2.2215730734876216e-01 0.23225416667234489 0.23503319476120518 0.009286871191337503   
508 3048 0.1845279412459376 7.962713464994672 0.21545660649573542 2.2162046662483817e-01 0.22792977334973444 0.23976717395660102 0.012000521664353697   
509 3054 0.20227901710742102 7.663597550754667 0.21545660649573542 2.2385313824630665e-01 0.23155593098504398 0.24029065120945786 0.008596774007106511   
510 3060 0.20481712235221966 5.996919243683845 0.21545660649573542 2.1855481173654928e-01 0.23494129033279773 0.2513557545439912 0.007189748295891918   
