% # columns="iteration, evaluation, void, void, void, xmean", seed=42, Mon Dec 16 20:17:58 2024, <python>{}</python> # scaling_of_variables: 1, typical_x: 0
1 6 0 0 0 4.912010141873929 4.643970901069077
2 12 0 0 0 4.831394734971803 5.047151911711831
3 18 0 0 0 4.569223740476881 5.2714196507996665
4 24 0 0 0 4.1705340408769445 5.231167660937994
5 30 0 0 0 3.9052160245962018 5.596043465006706
6 36 0 0 0 3.3191908788961486 5.659242621977343
7 42 0 0 0 2.1777891629955146 6.48893879791905
8 48 0 0 0 0.9802570479952779 6.180038924317906
9 54 0 0 0 -0.08055445849357352 6.692403854823011
10 60 0 0 0 -0.2758869397890864 5.849104093702826
11 66 0 0 0 0.020253237277357006 5.179056562100902
12 72 0 0 0 0.4171969652047345 5.0281676697618245
13 78 0 0 0 0.4448252824398725 4.632298607821873
14 84 0 0 0 0.04997115324780897 5.17892857086392
15 90 0 0 0 -0.0838854575569565 5.503586683827898
16 96 0 0 0 -0.13835302005277855 5.784503540102797
17 102 0 0 0 0.20541512018139213 5.512794804442896
18 108 0 0 0 -0.021405452103012805 5.428888608584361
19 114 0 0 0 -0.17633477991178687 5.785810624553229
20 120 0 0 0 -0.08183667220077345 5.286742755016195
21 126 0 0 0 -0.062003229128341 5.500875826996205
22 132 0 0 0 -0.04233793047030485 5.588919648759067
23 138 0 0 0 -0.06654406140417565 5.50369059214949
24 144 0 0 0 -0.049930195225350416 5.500904017131559
25 150 0 0 0 -0.060109331531827064 5.595606290742564
26 156 0 0 0 -0.03731949994403699 5.702610879053998
27 162 0 0 0 -0.0624492916835546 5.783295908923736
28 168 0 0 0 -0.03792060527350181 5.846437852474378
29 174 0 0 0 -0.04113105752594165 5.918981826947392
30 180 0 0 0 -0.04745078676794501 5.8838076081686275
31 186 0 0 0 -0.052911775881803354 5.888019749377739
32 192 0 0 0 -0.05425075940341802 5.798005702154768
33 198 0 0 0 -0.042657893131733036 5.778599896283662
34 204 0 0 0 -0.04236535273793114 5.751119401748004
35 210 0 0 0 -0.04321370593293797 5.754505679775017
36 216 0 0 0 -0.046607988689733496 5.804391152396024
37 222 0 0 0 -0.0425119058230862 5.803669312936766
38 228 0 0 0 -0.040807847902757564 5.759025515859074
39 234 0 0 0 -0.04187314814964046 5.759120491090793
40 240 0 0 0 -0.041725803334227436 5.741621408767084
41 246 0 0 0 -0.04233334676644417 5.730931101054147
42 252 0 0 0 -0.04244927485561711 5.7267918905533
43 258 0 0 0 -0.0405978992863091 5.750279550632204
44 264 0 0 0 -0.04200046702110676 5.747370719297625
45 270 0 0 0 -0.0422672997238544 5.7697947877275775
46 276 0 0 0 -0.04177494835110121 5.788169969724147
47 282 0 0 0 -0.043110949501909836 5.757160049340142
48 288 0 0 0 -0.04338642778398498 5.763803632309
49 294 0 0 0 -0.04343957582473294 5.775808293342511
50 300 0 0 0 -0.04334629005221233 5.779827728298336
51 306 0 0 0 -0.04372136603263899 5.782617151333492
52 312 0 0 0 -0.044063355733281746 5.773386030103359
53 318 0 0 0 -0.044069968464475605 5.767846147734934
54 324 0 0 0 -0.04438807154364876 5.755226545892614
55 330 0 0 0 -0.043897039613530135 5.761179866442924
56 336 0 0 0 -0.04398547011537408 5.754095309216558
57 342 0 0 0 -0.04422832964646999 5.751526113978133
58 348 0 0 0 -0.04408134334053197 5.76167207916092
59 354 0 0 0 -0.044034416924360074 5.76805737683346
60 360 0 0 0 -0.04372511429523905 5.769178359102144
61 366 0 0 0 -0.04367809084052888 5.7646591036474675
62 372 0 0 0 -0.04329341259361006 5.765489094157268
63 378 0 0 0 -0.04319101917392781 5.76516234738089
64 384 0 0 0 -0.042449598510901264 5.766347674391236
65 390 0 0 0 -0.04268633502598317 5.766152369182002
66 396 0 0 0 -0.04272984304454693 5.767192396266366
67 402 0 0 0 -0.04310643502460171 5.762239281630291
68 408 0 0 0 -0.04370903824081508 5.758548307397447
69 414 0 0 0 -0.0444609468579838 5.756944508060814
70 420 0 0 0 -0.04633759345112766 5.745410109800199
71 426 0 0 0 -0.04796956560131039 5.7324118767321295
72 432 0 0 0 -0.0472121270679165 5.717815353113773
73 438 0 0 0 -0.04854793866422841 5.6983099383386655
74 444 0 0 0 -0.0513356819942781 5.668741148149729
75 450 0 0 0 -0.05165281385022025 5.656435560035964
76 456 0 0 0 -0.056864294773420435 5.625278557703451
77 462 0 0 0 -0.05670430498562913 5.62695585018815
78 468 0 0 0 -0.05429537819866752 5.658105853288368
79 474 0 0 0 -0.05327913626830317 5.675330947557974
80 480 0 0 0 -0.05371082876204586 5.667611793273108
81 486 0 0 0 -0.057893619828012464 5.623309407189224
82 492 0 0 0 -0.060260775530464605 5.602090907617797
83 498 0 0 0 -0.05801050242639699 5.595355321488864
84 504 0 0 0 -0.05945898449225435 5.594494845120709
85 510 0 0 0 -0.06217848786099837 5.56695506126453
86 516 0 0 0 -0.06579858872937763 5.529981880751154
87 522 0 0 0 -0.06130774342745844 5.57993706492311
88 528 0 0 0 -0.06394225334588452 5.56001046106989
89 534 0 0 0 -0.06307335044606387 5.564220229436207
90 540 0 0 0 -0.06205220836630251 5.57950978907873
91 546 0 0 0 -0.06345960936994868 5.57500233893506
92 552 0 0 0 -0.061649833444602606 5.587619215670313
93 558 0 0 0 -0.061978960821681556 5.581056912167576
94 564 0 0 0 -0.05905571910775474 5.605232470963817
95 570 0 0 0 -0.060715464086594326 5.596617777943006
96 576 0 0 0 -0.0608684307157563 5.599096998778632
97 582 0 0 0 -0.05895137786263073 5.620164239539944
98 588 0 0 0 -0.058895660554918745 5.622808205596948
99 594 0 0 0 -0.05993044520438656 5.610444714213113
100 600 0 0 0 -0.06077547099995545 5.604281112532096
101 606 0 0 0 -0.05895951661174965 5.6234535086282005
102 612 0 0 0 -0.0590049175160458 5.625700629761673
103 618 0 0 0 -0.0589015220778591 5.628428319038134
104 624 0 0 0 -0.05824504877095301 5.633906994751914
105 630 0 0 0 -0.05889611702066529 5.625016867308368
106 636 0 0 0 -0.058447633039501026 5.629165117356719
107 642 0 0 0 -0.05769775203759697 5.636725406479793
108 648 0 0 0 -0.05816567048577857 5.634411028119223
109 654 0 0 0 -0.05796415124983521 5.635935874178884
110 660 0 0 0 -0.05767578004601719 5.638456369709119
111 666 0 0 0 -0.05764929225356617 5.6401386652545025
112 672 0 0 0 -0.05784166809523756 5.639039582499247
113 678 0 0 0 -0.05783523336621623 5.642370122735469
114 684 0 0 0 -0.05791476741134323 5.648636462496885
115 690 0 0 0 -0.05618073222797084 5.669039755130326
116 696 0 0 0 -0.05646750232976359 5.668179873364969
117 702 0 0 0 -0.05346945936875267 5.684708016023539
118 708 0 0 0 -0.05040540511941318 5.699184931274027
119 714 0 0 0 -0.04940138822421396 5.729556401471788
120 720 0 0 0 -0.04564375026762345 5.764067136998801
121 726 0 0 0 -0.05019128559388433 5.720885879033467
122 732 0 0 0 -0.04717680349541313 5.746463456860486
123 738 0 0 0 -0.04946139013556988 5.7164134728953195
124 744 0 0 0 -0.05247997919995659 5.689608289286996
125 750 0 0 0 -0.05649580279727505 5.662681526504619
126 756 0 0 0 -0.053926902873869496 5.686924728851974
127 762 0 0 0 -0.05142838346252608 5.7140039940205964
128 768 0 0 0 -0.04423797682929687 5.778494949460152
129 774 0 0 0 -0.05715734629759648 5.6507872626349505
130 780 0 0 0 -0.048994562014369754 5.736032703151962
131 786 0 0 0 -0.04338738929369611 5.787154160836633
132 792 0 0 0 -0.04495961105716752 5.773073578918653
133 798 0 0 0 -0.04750264318803263 5.751220420791742
134 804 0 0 0 -0.04885182773682909 5.733066924163867
135 810 0 0 0 -0.052742587738663735 5.699076351992123
136 816 0 0 0 -0.05082934796600367 5.724978436387674
137 822 0 0 0 -0.05110762528330738 5.724483744219827
138 828 0 0 0 -0.04957581394830617 5.742518992162991
139 834 0 0 0 -0.05062080359280132 5.722749832378292
140 840 0 0 0 -0.051361321199993246 5.715407591337902
141 846 0 0 0 -0.051471640259780585 5.713752794613109
142 852 0 0 0 -0.05106081552886139 5.717676395029895
143 858 0 0 0 -0.0507951544620356 5.720684602138031
144 864 0 0 0 -0.05201978632841685 5.709285154840633
145 870 0 0 0 -0.05246437100073807 5.705872935173223
146 876 0 0 0 -0.051669422697424874 5.711734865898933
147 882 0 0 0 -0.0520643976411451 5.707736320245471
148 888 0 0 0 -0.05226531790963032 5.70602669064342
149 894 0 0 0 -0.052798902269034775 5.701595469067707
150 900 0 0 0 -0.05269873460076258 5.7041633760635655
151 906 0 0 0 -0.05213262082665604 5.70908497674362
152 912 0 0 0 -0.051956732928661695 5.7112495111774235
153 918 0 0 0 -0.05162147619293348 5.71387284500415
154 924 0 0 0 -0.051528184190880774 5.714836237736817
155 930 0 0 0 -0.051785166759309505 5.712939243527419
156 936 0 0 0 -0.051768982543378535 5.712607527993066
157 942 0 0 0 -0.051711521176292366 5.712863236791353
158 948 0 0 0 -0.051750171732040204 5.712362700848979
159 954 0 0 0 -0.05172757683571597 5.712213047245818
160 960 0 0 0 -0.051839504848766434 5.711555590051796
161 966 0 0 0 -0.05187851169520138 5.711269705635189
162 972 0 0 0 -0.05202999972211621 5.710304561666869
163 978 0 0 0 -0.05236176163377706 5.707134152185898
164 984 0 0 0 -0.05209245919439608 5.709420659183524
165 990 0 0 0 -0.052002751144728694 5.709968434880342
166 996 0 0 0 -0.052136209347894175 5.708976404331656
167 1002 0 0 0 -0.05221614012112472 5.708113124465183
168 1008 0 0 0 -0.05227055179347096 5.707652405612339
169 1014 0 0 0 -0.05237714930458966 5.7068970025740136
170 1020 0 0 0 -0.052326599812790066 5.707608553097207
171 1026 0 0 0 -0.05233717385035035 5.707538208212149
172 1032 0 0 0 -0.0525811125330136 5.705563243700923
173 1038 0 0 0 -0.052521430609700895 5.706113098441968
174 1044 0 0 0 -0.05236283175621484 5.707387700060576
175 1050 0 0 0 -0.052307842388292856 5.7077693118446176
176 1056 0 0 0 -0.0524343631849344 5.706772329124605
177 1062 0 0 0 -0.05236321160683933 5.707381045264909
178 1068 0 0 0 -0.0523089357826191 5.7077591816877975
179 1074 0 0 0 -0.052329442100141725 5.707703836998973
180 1080 0 0 0 -0.052306005489762455 5.707863636674721
181 1086 0 0 0 -0.05229364096565467 5.708008010924702
182 1092 0 0 0 -0.052270451807703726 5.708148240411344
183 1098 0 0 0 -0.05228926386968765 5.707970205930447
184 1104 0 0 0 -0.05230071079560436 5.707862111466165
185 1110 0 0 0 -0.052310751557699924 5.70775545925846
186 1116 0 0 0 -0.05231094120870041 5.707752175578905
187 1122 0 0 0 -0.052319964638296544 5.707642677798339
188 1128 0 0 0 -0.05230728464090161 5.707761217279692
189 1134 0 0 0 -0.052299088587717306 5.707819427413441
190 1140 0 0 0 -0.05228065564601201 5.7079751320303895
191 1146 0 0 0 -0.05227496582392596 5.707996827655616
192 1152 0 0 0 -0.05228956601164205 5.707844065731177
193 1158 0 0 0 -0.05226058706582064 5.708055250231131
194 1164 0 0 0 -0.05227327602905601 5.707954186268711
195 1170 0 0 0 -0.05226520833083508 5.708030134078552
196 1176 0 0 0 -0.052290503000280486 5.707839727319746
197 1182 0 0 0 -0.052290699307754596 5.707838305185276
198 1188 0 0 0 -0.05230666585107631 5.707688025969098
199 1194 0 0 0 -0.05228941028791983 5.7078367469175255
200 1200 0 0 0 -0.052271320825133305 5.708006953798418
201 1206 0 0 0 -0.052283491598287345 5.707901902218751
202 1212 0 0 0 -0.05227215247897174 5.708018452105017
203 1218 0 0 0 -0.05228185776760983 5.707923318968307
204 1224 0 0 0 -0.05229137614793609 5.707848588987671
205 1230 0 0 0 -0.05229721987826762 5.707790674414459
206 1236 0 0 0 -0.05230532313327832 5.707729658851893
207 1242 0 0 0 -0.05231302401161517 5.707652761316978
208 1248 0 0 0 -0.05230435825391744 5.707752978448275
209 1254 0 0 0 -0.0523239455408734 5.70758750028407
210 1260 0 0 0 -0.052365286961812585 5.7072436058481335
211 1266 0 0 0 -0.05234626740244657 5.707439906293616
212 1272 0 0 0 -0.05233444777777652 5.707528569006545
213 1278 0 0 0 -0.05230828325703385 5.707744554025341
214 1284 0 0 0 -0.05230535850509866 5.707775563239466
215 1290 0 0 0 -0.05233863893311062 5.707508999795919
216 1296 0 0 0 -0.05232134777456738 5.707683936261464
217 1302 0 0 0 -0.05230943287441514 5.707776765189298
218 1308 0 0 0 -0.052322976504316485 5.707662695131684
219 1314 0 0 0 -0.05230818873455204 5.7077827370634315
220 1320 0 0 0 -0.05231667226644578 5.707718817270073
221 1326 0 0 0 -0.05232738605643227 5.707631968002725
222 1332 0 0 0 -0.0523352906106276 5.70756594262819
223 1338 0 0 0 -0.05233312712453689 5.707592083687702
224 1344 0 0 0 -0.052345553506288195 5.70749464532721
225 1350 0 0 0 -0.05233736297639521 5.707557009415491
226 1356 0 0 0 -0.05233829428744176 5.707547164191371
227 1362 0 0 0 -0.05234158538199277 5.70752248855967
228 1368 0 0 0 -0.05233913044148468 5.70754171784642
229 1374 0 0 0 -0.052343358634284146 5.70750630803911
230 1380 0 0 0 -0.052340364397784285 5.7075306568461555
231 1386 0 0 0 -0.05234125930694729 5.707525404550405
232 1392 0 0 0 -0.052345727341656725 5.707487981575887
233 1398 0 0 0 -0.05234893030559962 5.707463809174197
234 1404 0 0 0 -0.05234453107079606 5.707500352895023
235 1410 0 0 0 -0.052353611048569365 5.7074284116334715
236 1416 0 0 0 -0.052358674599971684 5.707389811254753
237 1422 0 0 0 -0.05235807750765665 5.707393441546843
238 1428 0 0 0 -0.05235748124372279 5.7073980007359015
239 1434 0 0 0 -0.05235772835187323 5.707396499014532
240 1440 0 0 0 -0.05235910665139559 5.707385040903833
241 1446 0 0 0 -0.05235876989359352 5.707387891293184
242 1452 0 0 0 -0.05235735553414089 5.707399542877988
243 1458 0 0 0 -0.052357097163470895 5.7074019457333005
244 1464 0 0 0 -0.05235676167804851 5.7074053293790845
245 1470 0 0 0 -0.052355381967288186 5.707416456280528
246 1476 0 0 0 -0.052355556746691484 5.707415053542182
247 1482 0 0 0 -0.0523563658885812 5.70740842997605
248 1488 0 0 0 -0.05235715448866247 5.7074016041791085
249 1494 0 0 0 -0.05235621388210317 5.707409256054112
250 1500 0 0 0 -0.052356030750383226 5.707410859270591
251 1506 0 0 0 -0.05235547055436223 5.707415515703249
252 1512 0 0 0 -0.05235614463806496 5.707409930533939
253 1518 0 0 0 -0.05235706360142384 5.707402464940568
254 1524 0 0 0 -0.05235807890107614 5.7073942703034435
255 1530 0 0 0 -0.052358971615170065 5.707387139232399
256 1536 0 0 0 -0.0523558693709036 5.707412221738527
257 1542 0 0 0 -0.052355516738562646 5.7074152675135466
258 1548 0 0 0 -0.05235635214839521 5.707408283979503
259 1554 0 0 0 -0.052357867236946666 5.707395997026312
260 1560 0 0 0 -0.05235875354616626 5.707388519890117
261 1566 0 0 0 -0.05235490114469853 5.707419992050669
262 1572 0 0 0 -0.052357759428620934 5.7073966151691495
263 1578 0 0 0 -0.05235740722383714 5.707399367737082
264 1584 0 0 0 -0.05235520272448005 5.707417302943194
265 1590 0 0 0 -0.052355729229701886 5.707412962513187
266 1596 0 0 0 -0.052357593427112006 5.707397830108967
267 1602 0 0 0 -0.052358658138636646 5.707389190115283
268 1608 0 0 0 -0.05235755748740251 5.707398176272152
269 1614 0 0 0 -0.05235811542450437 5.7073937231064775
270 1620 0 0 0 -0.05235831985131588 5.7073921369901175
271 1626 0 0 0 -0.05235816598421796 5.707393381987636
272 1632 0 0 0 -0.05235693531493736 5.707403353061599
273 1638 0 0 0 -0.05235649050825491 5.707407067623
274 1644 0 0 0 -0.052359119247505206 5.7073856243915
275 1650 0 0 0 -0.0523599234008035 5.707379192057565
276 1656 0 0 0 -0.052357885699451656 5.707395940424733
277 1662 0 0 0 -0.05235695774262569 5.707403558400763
278 1668 0 0 0 -0.052359031472477106 5.707386607792624
279 1674 0 0 0 -0.05235862746204205 5.707389886482041
280 1680 0 0 0 -0.05235903470522488 5.707386585902738
281 1686 0 0 0 -0.05235975136597143 5.707380617420926
282 1692 0 0 0 -0.05236136414925398 5.7073673491239205
283 1698 0 0 0 -0.052358874148287625 5.707387984677815
284 1704 0 0 0 -0.05235748067671367 5.707399336240931
285 1710 0 0 0 -0.05235820846611158 5.707393388413999
286 1716 0 0 0 -0.052359880530530416 5.707379705818925
287 1722 0 0 0 -0.05235884027568098 5.7073882540282845
288 1728 0 0 0 -0.05235945208503576 5.707383208329515
289 1734 0 0 0 -0.05236007430142302 5.7073781068637075
290 1740 0 0 0 -0.052361341343462806 5.707367703188472
291 1746 0 0 0 -0.05236197804403758 5.707362475100602
292 1752 0 0 0 -0.05236269309284336 5.707356603126015
293 1758 0 0 0 -0.05236327273982748 5.707351848519386
294 1764 0 0 0 -0.05236482487995537 5.7073391318162665
295 1770 0 0 0 -0.052368761199167196 5.707306845956684
296 1776 0 0 0 -0.052372348657968734 5.707277425278392
297 1782 0 0 0 -0.0523822912066497 5.707195780467015
298 1788 0 0 0 -0.05238143708507647 5.707202668112868
299 1794 0 0 0 -0.05237833236894084 5.707228225368964
300 1800 0 0 0 -0.05238799095577394 5.707148994725464
301 1806 0 0 0 -0.05239409837110383 5.707098851471326
302 1812 0 0 0 -0.05239383835689368 5.707100903726773
303 1818 0 0 0 -0.05239821280528552 5.707065006363097
304 1824 0 0 0 -0.052398513564999 5.707062609257623
305 1830 0 0 0 -0.052401956550061586 5.70703437775772
306 1836 0 0 0 -0.05239240550891426 5.707112728721838
307 1842 0 0 0 -0.052395573382884024 5.7070868128072805
308 1848 0 0 0 -0.052389733910391006 5.707134851188196
309 1854 0 0 0 -0.05238732850284782 5.707154496337747
310 1860 0 0 0 -0.052381609198869604 5.707201344120236
311 1866 0 0 0 -0.05238594749928876 5.707165764723585
312 1872 0 0 0 -0.052394723519082906 5.7070938525919725
313 1878 0 0 0 -0.05240086394212172 5.70704351606293
314 1884 0 0 0 -0.052403826101966 5.707019178318766
315 1890 0 0 0 -0.05240597953939485 5.70700151885677
316 1896 0 0 0 -0.05240364212583663 5.707020760002108
317 1902 0 0 0 -0.05240495586546431 5.707009896669847
318 1908 0 0 0 -0.052411078852604175 5.706959743838783
319 1914 0 0 0 -0.052413551302649394 5.706939497041869
320 1920 0 0 0 -0.05241655747922989 5.706914881028767
321 1926 0 0 0 -0.052418760411597765 5.706896838034756
322 1932 0 0 0 -0.05241317150528296 5.706942610786788
323 1938 0 0 0 -0.052418561913641 5.706898526145539
324 1944 0 0 0 -0.052418671363488656 5.706897613748072
325 1950 0 0 0 -0.05242311745148488 5.706861223212656
326 1956 0 0 0 -0.05242102963933938 5.706878323470967
327 1962 0 0 0 -0.052423989324133946 5.706854074205083
328 1968 0 0 0 -0.05241502110568214 5.706927504923414
329 1974 0 0 0 -0.05240740691653555 5.706989834329467
330 1980 0 0 0 -0.052403087519482076 5.707025217204352
331 1986 0 0 0 -0.05240591308860102 5.707002116585592
332 1992 0 0 0 -0.0524018567349814 5.707035295770897
333 1998 0 0 0 -0.052400865324683354 5.707043420834428
334 2004 0 0 0 -0.052400974994422915 5.7070425229089
335 2010 0 0 0 -0.05240177427250955 5.7070359839768035
336 2016 0 0 0 -0.052401474502545814 5.70703844220473
337 2022 0 0 0 -0.052399274731090115 5.70705645544942
338 2028 0 0 0 -0.05239368830133918 5.707102183884378
339 2034 0 0 0 -0.05240170846575343 5.707036529258156
340 2040 0 0 0 -0.05239756336282809 5.7070704563114365
341 2046 0 0 0 -0.052398441712582934 5.707063267531354
342 2052 0 0 0 -0.05239793891617239 5.707067379512646
343 2058 0 0 0 -0.052397370886983735 5.707072029561416
344 2064 0 0 0 -0.05239659766140826 5.707078355535007
345 2070 0 0 0 -0.0523942026937468 5.707097960819567
346 2076 0 0 0 -0.05239462901730058 5.707094472034549
347 2082 0 0 0 -0.05239245525103677 5.707112268687519
348 2088 0 0 0 -0.05238991815786107 5.707133038483915
349 2094 0 0 0 -0.052387007854413484 5.707156862316694
350 2100 0 0 0 -0.0523865929804252 5.707160253197889
351 2106 0 0 0 -0.05238455823850361 5.707176918894266
352 2112 0 0 0 -0.052385823418603414 5.707166561103077
353 2118 0 0 0 -0.0523860912082246 5.707164367341399
354 2124 0 0 0 -0.052384563850754434 5.707176871971675
355 2130 0 0 0 -0.05238352140554208 5.707185406563371
356 2136 0 0 0 -0.05238200713514826 5.707197802271673
357 2142 0 0 0 -0.05238285356458815 5.707190872887749
358 2148 0 0 0 -0.0523832465337887 5.707187655446828
359 2154 0 0 0 -0.052384110965592624 5.707180578998774
360 2160 0 0 0 -0.052382872505861176 5.707190718252546
361 2166 0 0 0 -0.05238292945591379 5.70719025146282
362 2172 0 0 0 -0.05238254156141845 5.707193426754218
363 2178 0 0 0 -0.05238195773614517 5.7071982063178766
364 2184 0 0 0 -0.05238210119484652 5.707197031691759
365 2190 0 0 0 -0.05238326489973615 5.707187504729591
366 2196 0 0 0 -0.05238265024587618 5.707192535630154
367 2202 0 0 0 -0.05238326738900355 5.707187481972499
368 2208 0 0 0 -0.05238174447035758 5.707199948587476
369 2214 0 0 0 -0.05238191654677274 5.707198540172622
370 2220 0 0 0 -0.05238167172320511 5.707200544226021
371 2226 0 0 0 -0.052380956930051924 5.707206396933438
372 2232 0 0 0 -0.05237908748003083 5.707221700740297
373 2238 0 0 0 -0.0523759683612042 5.707247236006086
374 2244 0 0 0 -0.05237519280129657 5.707253585681398
375 2250 0 0 0 -0.05237460868935833 5.707258367564998
376 2256 0 0 0 -0.05237590820078834 5.707247728421527
377 2262 0 0 0 -0.05237576201234379 5.707248924525992
378 2268 0 0 0 -0.05237366417856797 5.7072660990573745
379 2274 0 0 0 -0.05237175823067777 5.707281702865939
380 2280 0 0 0 -0.052373813993668486 5.707264872130809
381 2286 0 0 0 -0.0523741499032313 5.707262122324422
382 2292 0 0 0 -0.052373668370568074 5.707266064515028
383 2298 0 0 0 -0.05237414503671208 5.7072621618112365
384 2304 0 0 0 -0.05237357128914573 5.707266859445585
385 2310 0 0 0 -0.0523743543042809 5.70726044934158
386 2316 0 0 0 -0.05237467169042161 5.707257850864972
387 2322 0 0 0 -0.052374436713173884 5.707259775084796
388 2328 0 0 0 -0.05237348376568651 5.7072675761147735
389 2334 0 0 0 -0.05237200105875503 5.707279714375667
390 2340 0 0 0 -0.05237064754645529 5.7072907944659725
391 2346 0 0 0 -0.05237539575026044 5.707251923406028
392 2352 0 0 0 -0.05237752801789708 5.707234467705628
393 2358 0 0 0 -0.05237530838778988 5.707252639403677
394 2364 0 0 0 -0.05237504683661571 5.707254780237284
395 2370 0 0 0 -0.052374689555466356 5.7072577047353095
396 2376 0 0 0 -0.05237405089385816 5.7072629339030385
397 2382 0 0 0 -0.05237516193972005 5.707253839170312
398 2388 0 0 0 -0.052370284621480086 5.707293767051323
399 2394 0 0 0 -0.052371024279196404 5.707287712003296
400 2400 0 0 0 -0.05237442411129892 5.707259878511737
401 2406 0 0 0 -0.052377429041307266 5.707235279443069
402 2412 0 0 0 -0.05237711285076566 5.707237867101594
403 2418 0 0 0 -0.05237260691875203 5.7072747553211105
404 2424 0 0 0 -0.05237770074195652 5.707233054844863
405 2430 0 0 0 -0.05237968589529137 5.707216803785961
406 2436 0 0 0 -0.05237286954860038 5.7072726056885985
407 2442 0 0 0 -0.052372416362815026 5.707276315994275
408 2448 0 0 0 -0.0523690275915851 5.707304057416
409 2454 0 0 0 -0.05236348309405423 5.707349447534275
410 2460 0 0 0 -0.052367147259638314 5.707319450788251
411 2466 0 0 0 -1955841174.9630942 128385260.72093737
412 2472 0 0 0 -1955841174.8871663 128385260.90759262
413 2478 0 0 0 -1955841174.9069393 128385261.18210815
414 2484 0 0 0 -1955841174.7803946 128385260.71291724
415 2490 0 0 0 -1955841174.6763854 128385260.55940495
416 2496 0 0 0 -1955841174.4607563 128385260.23841093
417 2502 0 0 0 -1955841174.4173822 128385259.99700812
418 2508 0 0 0 -1955841174.282885 128385259.48567398
419 2514 0 0 0 -1955841174.421946 128385260.00399698
420 2520 0 0 0 -1955841174.7397795 128385260.22213298
421 2526 0 0 0 -1955841174.9738278 128385260.37632538
422 2532 0 0 0 -1955841175.1471143 128385260.26303756
423 2538 0 0 0 -1955841175.3281603 128385260.50896049
424 2544 0 0 0 -1955841174.7102027 128385260.38365078
425 2550 0 0 0 -1955841175.2564094 128385260.68702386
426 2556 0 0 0 -1955841175.1891954 128385260.48702899
427 2562 0 0 0 -1955841175.2733085 128385260.5496701
428 2568 0 0 0 -1955841175.342332 128385260.76482855
429 2574 0 0 0 -1955841175.4554565 128385260.853919
430 2580 0 0 0 -1955841175.318672 128385260.73910731
431 2586 0 0 0 -1955841175.4128828 128385260.65067974
432 2592 0 0 0 -1955841175.4353766 128385260.67378348
433 2598 0 0 0 -1955841175.589179 128385260.59993593
434 2604 0 0 0 -1955841175.6125233 128385260.63730681
435 2610 0 0 0 -1955841175.5908668 128385260.6223042
436 2616 0 0 0 -1955841175.6659875 128385260.68311685
437 2622 0 0 0 -1955841175.679729 128385260.77571428
438 2628 0 0 0 -1955841175.6227152 128385260.59598237
439 2634 0 0 0 -1955841175.6238525 128385260.69852005
440 2640 0 0 0 -1955841175.6017787 128385260.75585802
441 2646 0 0 0 -1955841175.538118 128385260.7631689
442 2652 0 0 0 -1955841175.5687304 128385260.66512287
443 2658 0 0 0 -1955841175.604009 128385260.57168987
444 2664 0 0 0 -1955841175.638823 128385260.6062352
445 2670 0 0 0 -1955841175.6347818 128385260.73727658
446 2676 0 0 0 -1955841175.6261303 128385260.80916667
447 2682 0 0 0 -1955841175.58055 128385260.81976326
448 2688 0 0 0 -1955841175.5809216 128385260.86817968
449 2694 0 0 0 -1955841175.5537486 128385260.82258925
450 2700 0 0 0 -1955841175.55954 128385260.9053964
451 2706 0 0 0 -1955841175.5345173 128385260.94215377
452 2712 0 0 0 -1955841175.560293 128385260.8361673
453 2718 0 0 0 -1955841175.583671 128385260.83638173
454 2724 0 0 0 -1955841175.5402133 128385260.92974177
455 2730 0 0 0 -1955841175.5586302 128385260.80014774
456 2736 0 0 0 -1955841175.5501864 128385260.82846299
457 2742 0 0 0 -1955841175.5463874 128385260.83151467
458 2748 0 0 0 -1955841175.5456488 128385260.77202511
459 2754 0 0 0 -1955841175.5356839 128385260.78119934
460 2760 0 0 0 -1955841175.5171766 128385260.89657038
461 2766 0 0 0 -1955841175.4789453 128385260.96098478
462 2772 0 0 0 -1955841175.4559078 128385261.07322317
463 2778 0 0 0 -1955841175.3837278 128385261.30989268
464 2784 0 0 0 -1955841175.3387442 128385261.34093712
465 2790 0 0 0 -1955841175.344957 128385261.38138255
466 2796 0 0 0 -1955841175.2473054 128385261.72313264
467 2802 0 0 0 -1955841175.35262 128385261.30532598
468 2808 0 0 0 -1955841175.3091128 128385261.41539375
469 2814 0 0 0 -1955841175.347233 128385261.28418043
470 2820 0 0 0 -1955841175.303512 128385261.5049295
471 2826 0 0 0 -1955841175.3331895 128385261.440393
472 2832 0 0 0 -1955841175.4110317 128385261.16350928
473 2838 0 0 0 -1955841175.422758 128385261.03150849
474 2844 0 0 0 -1955841175.503934 128385260.7300624
475 2850 0 0 0 -1955841175.493866 128385260.7432451
476 2856 0 0 0 -1955841175.514144 128385260.67550777
477 2862 0 0 0 -1955841175.5607917 128385260.49617864
478 2868 0 0 0 -1955841175.5896218 128385260.39425522
479 2874 0 0 0 -1955841175.5868335 128385260.37473856
480 2880 0 0 0 -1955841175.5890532 128385260.38571985
481 2886 0 0 0 -1955841175.6062937 128385260.31616794
482 2892 0 0 0 -1955841175.5950923 128385260.34694028
483 2898 0 0 0 -1955841175.6172917 128385260.25092557
484 2904 0 0 0 -1955841175.6134782 128385260.26909676
485 2910 0 0 0 -1955841175.6091113 128385260.27644409
486 2916 0 0 0 -1955841175.604402 128385260.30083536
487 2922 0 0 0 -1955841175.604612 128385260.3153695
488 2928 0 0 0 -1955841175.598393 128385260.3599721
489 2934 0 0 0 -1955841175.59344 128385260.36546403
490 2940 0 0 0 -1955841175.5916882 128385260.36788256
491 2946 0 0 0 -1955841175.594664 128385260.34732553
492 2952 0 0 0 -1955841175.5979621 128385260.34051321
493 2958 0 0 0 -1955841175.6015854 128385260.31583285
494 2964 0 0 0 -1955841175.5970235 128385260.32222202
495 2970 0 0 0 -1955841175.6008086 128385260.28088634
496 2976 0 0 0 -1955841175.5956943 128385260.29890487
497 2982 0 0 0 -1955841175.600141 128385260.3135134
498 2988 0 0 0 -1955841175.598772 128385260.33096842
499 2994 0 0 0 -1955841175.5981257 128385260.34729925
500 3000 0 0 0 -1955841175.5866916 128385260.38322958
501 3006 0 0 0 -1955841175.5889435 128385260.38541302
502 3012 0 0 0 -1955841175.5920875 128385260.38437288
503 3018 0 0 0 -1955841175.589636 128385260.41575652
504 3024 0 0 0 -1955841175.5892086 128385260.4316122
505 3030 0 0 0 -1955841175.5891018 128385260.45553835
506 3036 0 0 0 -1955841175.5877204 128385260.45243505
507 3042 0 0 0 -1955841175.5895114 128385260.4545905
508 3048 0 0 0 -1955841175.589437 128385260.43298689
509 3054 0 0 0 -1955841175.5924206 128385260.43723893
510 3060 0 0 0 -1955841175.5937452 128385260.4450416
510 3060 0 0 0 -1955841175.5937452 128385260.4450416
