% # columns="iter, evals, sigma, 0, fitness, xbest" seed=42, Mon Dec 16 20:17:58 2024, <python>{}</python>
1 6 0.39411408372221474 0 0.6622001185945359 4.765312807032524 4.7712868038783025
2 12 0.43877204609994747 0 0.6614636677249693 4.6998350383449825 5.174938777156541
3 18 0.46933726521500885 0 0.6462409097246523 4.479334449791687 5.043003526260562
4 24 0.5766614508550428 0 0.6240830593467331 4.101178091720727 5.356987273130973
5 30 0.6243276824905003 0 0.581531078160215 3.4922718916942737 5.641273337316095
6 36 0.7662608153221948 0 0.5600245909607057 3.1459615399359673 5.73773466416086
7 42 1.1577525031530023 0 0.4497680879991064 1.7116366969954389 5.694179095827561
8 48 1.6625986597252491 0 0.36515832038930884 0.758175151429858 5.964744106331431
9 54 1.8942533423585663 0 0.2449542760294297 0.014402644117122871 5.928643671979016
10 60 2.0259270538327545 0 0.3326735195744216 0.5328192918452284 5.060506544426664
11 66 2.084546029043917 0 0.2465195163470893 0.022466569595678998 4.627741417798279
12 72 1.7973936651980431 0 0.2462693047270697 0.01877138254099608 4.659016355737817
13 78 1.642993265069759 0 0.3111865234673299 0.30326374446320997 5.336264190344593
14 84 1.366156143640081 0 0.22920480862210607 0.0010572981267526933 5.156511431345698
15 90 1.2834525186068002 0 0.23455405453211003 0.00017828696576376816 5.627137985747108
16 96 1.2441444615359747 0 0.26054569021945495 0.05288165818062435 5.934207687401785
17 102 1.0601745107428682 0 0.27235629012887597 0.10079672988264124 5.444457334789761
18 108 0.9087484878093341 0 0.23228291351269148 0.002855328096308448 5.294934152994735
19 114 0.9731930521628925 0 0.2983244636101474 0.2257312592424761 5.84539253701363
20 120 0.9668083872006127 0 0.22154406429913037 0.0008061982576196339 5.13411903380064
21 126 0.7134686375336023 0 0.25069873218978533 0.028788755793719166 5.620813529605911
22 132 0.5768704867942731 0 0.23316282755218024 0.0037354465360071505 5.537657902434456
23 138 0.44442421825370065 0 0.23844375557260228 0.0009643213137047295 5.581517306379741
24 144 0.337005383674812 0 0.228146920757819 0.001568853473157534 5.546154915041252
25 150 0.3157229808365992 0 0.22976695100792993 0.0007447086166550056 5.658775594590599
26 156 0.3585491704803744 0 0.22598063866992496 0.0012781887128954896 5.613664273560679
27 162 0.40088723234398393 0 0.22877543668531203 0.0010854605270304578 5.880778077038842
28 168 0.38549034919550457 0 0.22700957905122826 0.0007289114492682728 5.842744687462001
29 174 0.3571854496282678 0 0.22486880395657022 0.00023867840465265842 5.886182632841473
30 180 0.276341417740492 0 0.2228885944616128 0.00026537736642668426 5.810414272509991
31 186 0.23085454333823216 0 0.22089008101900467 0.00018248167366825103 5.850607967184701
32 192 0.23241817699498518 0 0.2218805775552189 0.00024955660175607824 5.824513762160174
33 198 0.2703521097947467 0 0.22658628454169022 0.0008020803569699842 5.784782602100928
34 204 0.24846061698136482 0 0.22719186198441843 0.0006485186813964333 5.776527697836019
35 210 0.18825766022043328 0 0.2259523652191547 0.00046905524710126096 5.8028999509121935
36 216 0.18778814049143366 0 0.22028679653991248 0.00011100059437077147 5.783621697476605
37 222 0.16068260368009854 0 0.22154611126833496 0.0004910654387359475 5.793178751531587
38 228 0.15868812597439977 0 0.22449683245123966 0.00048457826772508764 5.750589411408935
39 234 0.12719616075147053 0 0.22573672319925484 0.000599955987468422 5.730047020554719
40 240 0.11473334280272272 0 0.22303685469383178 0.0002718483656038977 5.7238019869216
41 246 0.10482365541473163 0 0.22436353780063595 0.00030992019135941474 5.737391514223729
42 252 0.08760778378373439 0 0.22223959828879727 0.0003555401327449385 5.723597943577221
43 258 0.11208333655022494 0 0.22508461849786648 0.0004963658624597295 5.764981994690398
44 264 0.08766696357679796 0 0.2274346963184119 0.00030313688507649215 5.739005310117301
45 270 0.09874071376828746 0 0.2218766103791889 0.0003013402575102911 5.766680468775534
46 276 0.107363013027094 0 0.22223134657559512 0.00044687837379661746 5.777407942014639
47 282 0.10625172586928765 0 0.22346027365810173 0.00031226178333147535 5.741205799855622
48 288 0.09272429921013367 0 0.22199108890347286 0.0003316913753087418 5.753310664325379
49 294 0.08399747448653147 0 0.22569822663484776 0.0002472433894760706 5.7634984720772
50 300 0.06963337836303418 0 0.22662160554478938 0.00032381582370122656 5.775564438628167
51 306 0.06331891490901392 0 0.22359226283935107 0.0002682145334120951 5.780013748106063
52 312 0.06374943482140531 0 0.2213775256578594 0.00027244130103814347 5.767890003109683
53 318 0.06040815968755169 0 0.224220600360651 0.0002274892871651816 5.767736117094439
54 324 0.07940507741799457 0 0.22365820284938867 0.0002458125925548014 5.750879253334192
55 330 0.06467542826457082 0 0.22106737087671252 0.00025480621679653884 5.764555047679971
56 336 0.05952837975551064 0 0.2213988980968968 0.0002655272387954282 5.753237659071344
57 342 0.05412124731774717 0 0.2241362818404773 0.0002527592895464626 5.744347513601841
58 348 0.05094994807799884 0 0.22188885151836282 0.0002736447926218332 5.76512219670094
59 354 0.051811606282201314 0 0.21887738394540213 0.00028061592180059734 5.765122170211011
60 360 0.05536784019749473 0 0.22385003316528024 0.0002845251107376589 5.764640138655729
61 366 0.049487728883399106 0 0.2247325940448175 0.00029849482900519566 5.762054727862176
62 372 0.05899864620568719 0 0.22246178968076202 0.0003091428591662986 5.758733869789102
63 378 0.05592536969772432 0 0.22296542251468074 0.00034342319518247146 5.766238413978606
64 384 0.08079616926246358 0 0.22505792497718796 0.0004064045779784328 5.763468203200235
65 390 0.06962301834553714 0 0.2233711587710005 0.00035384225244977006 5.7639958894887044
66 396 0.05304806833406811 0 0.22209676709097784 0.00038773858188520614 5.766781484216949
67 402 0.060453089881751305 0 0.22213474091659466 0.0003164886250616546 5.75668061474706
68 408 0.07652039118761167 0 0.2224870721891525 0.0002807844722381012 5.755940751684306
69 414 0.10095882260452346 0 0.22248072578974848 0.00024219008260749076 5.756748532112514
70 420 0.16272381729355273 0 0.2223257496566769 0.00016752507135813096 5.743841262007621
71 426 0.2154220440763261 0 0.22571691206211164 0.00010663216946049859 5.733380490475527
72 432 0.2845065710733665 0 0.22230911787399055 0.00017556462168641756 5.713351099319302
73 438 0.32709639048365524 0 0.2205578698141637 0.00014859335939854557 5.699482690554028
74 444 0.3753038875306842 0 0.22282272324415311 0.00015318334552205063 5.650230243749296
75 450 0.364941372623063 0 0.22253004590263348 0.0001211731266257877 5.657202993260638
76 456 0.4443133889072186 0 0.22351208519806462 0.00048175374771686755 5.625418525774674
77 462 0.3891090498293143 0 0.22088288505023612 0.00036499034228339443 5.621540108027357
78 468 0.34932034809481943 0 0.2242063323309853 0.00010551949405448241 5.684206785502064
79 474 0.3324490373490011 0 0.22189766199238653 0.00012723120142374493 5.685418485181134
80 480 0.24137617474044862 0 0.22597642160000203 0.00013953560042786727 5.686951736925485
81 486 0.41080572593159503 0 0.22374125776817771 0.0006114838132896766 5.597783139343914
82 492 0.5204655353587939 0 0.2249770870552638 0.0004906067734147881 5.626618805046837
83 498 0.5657277811597625 0 0.22330178671496184 0.0005841912667399341 5.5654388666007115
84 504 0.4499289847188347 0 0.22256532897787662 0.0005493052713762194 5.589398514797084
85 510 0.45343767475948255 0 0.22470793067197087 0.0008511914765811748 5.558375892591881
86 516 0.5409644723255611 0 0.22412919751979524 0.001375803457235413 5.519965097948406
87 522 0.4311325099518082 0 0.22508119905674667 0.0004923142181581757 5.619569492205992
88 528 0.4127141580909471 0 0.22653655042025284 0.001263420595618573 5.5470572073245314
89 534 0.3002325269588548 0 0.2275610760366818 0.0008406543810902805 5.574733437087754
90 540 0.28143915701382344 0 0.2283609689767138 0.0008518006472442968 5.580644465645649
91 546 0.40616039348788985 0 0.22634034831331312 0.0010976153510295586 5.5745334195261185
92 552 0.3428503034587943 0 0.2232950396421599 0.0007533931752541304 5.589160844301718
93 558 0.25791522729987704 0 0.22651358400370825 0.000832015224772658 5.579814219959903
94 564 0.4016430086290426 0 0.22234582997563562 0.000443991313856364 5.616277950400795
95 570 0.3295032404730501 0 0.221385136360789 0.0007485540982029757 5.595169286821122
96 576 0.3002356863053346 0 0.22893577401489854 0.0009828681787225934 5.5816147331368295
97 582 0.36433225247562356 0 0.22285957561084338 0.00037087375669765194 5.6385283516267375
98 588 0.3523258258261501 0 0.22440578278698017 0.0004872370949961005 5.62251920256442
99 594 0.2698461838855676 0 0.22422963247567637 0.0006549813064313428 5.608252617875094
100 600 0.2564057527844648 0 0.22757076627197675 0.0007742073063802773 5.592939910960442
101 606 0.25849685294315206 0 0.2238774289130559 0.0004545681110920543 5.630432292064861
102 612 0.261791991142507 0 0.22836068216411287 0.0005681809817130816 5.619770420179435
103 618 0.25286287213418845 0 0.2258452628407001 0.00037162847411897134 5.646842764606392
104 624 0.2178552833735193 0 0.22684807106385524 0.0004692719735314923 5.631281403169923
105 630 0.2057318960368507 0 0.22090957379291548 0.0005239764924753552 5.621304527609619
106 636 0.1923995389868558 0 0.2239148814784474 0.000507350980618013 5.62410349579503
107 642 0.21117488949763502 0 0.22596337864896132 0.00038896328631579863 5.639787590116356
108 648 0.20303607372269025 0 0.22289436627795528 0.0004806869892444921 5.62988234102871
109 654 0.15730404529864717 0 0.22527426742575263 0.0003835448428910472 5.641669118939436
110 660 0.13784829579717467 0 0.22281774999937193 0.0004036566898449011 5.637734568290242
111 666 0.1489208978063365 0 0.22118225091766014 0.00039626967970686445 5.641727877958477
112 672 0.14768555603993622 0 0.22711074308754117 0.0004062911683227176 5.639664386594077
113 678 0.2661490467679849 0 0.22598067168960811 0.000400782003745273 5.64519155636025
114 684 0.6011101416862055 0 0.22562928287759904 0.00041598611574857687 5.651645945907578
115 690 0.9293354210189316 0 0.22140336800823945 0.0002906341110285882 5.662073465414801
116 696 0.9291777277680197 0 0.22250391750072848 0.00028777761848475253 5.665487174115856
117 702 1.1845445667923684 0 0.22698935776485363 0.00012279786711292493 5.694759439516257
118 708 1.5831376946952294 0 0.22162030847637815 0.00010244492446295098 5.686118473416603
119 714 1.7552057648326187 0 0.22111902008068052 0.00010291156865949026 5.72743591154784
120 720 1.9902650412108849 0 0.22629317394811646 0.00015361204750312575 5.765930741674187
121 726 1.4866469980462347 0 0.22066294541789305 0.00011432934249524504 5.746626093741484
122 732 1.3017435162388316 0 0.22218163570104849 0.00012037781275823284 5.744290778822149
123 738 1.2934889324563281 0 0.22151954790781037 0.00010002966220544442 5.70720907501246
124 744 1.3944781801784567 0 0.2224240889167104 0.00013843906348980236 5.680109160872563
125 750 1.818988383960428 0 0.22854787582372468 0.00023167208825669344 5.6869252658260665
126 756 1.5294691658867519 0 0.224371942943851 0.00012866561366481016 5.685125831413161
127 762 1.4454857809138553 0 0.22261886272994558 0.00010622840854480163 5.721503302150363
128 768 2.0990484012408386 0 0.22143750050480987 0.0005121430657944126 5.79904440401786
129 774 1.9896606347912975 0 0.22470798389786445 0.0009149790465282757 5.593514265534788
130 780 1.7761859990045044 0 0.22248579746733876 0.0001005340471014056 5.7241463330055335
131 786 1.790784847701763 0 0.22682371977112442 0.0007632164044230853 5.8211035722233015
132 792 1.3557543839565613 0 0.2239174874633666 0.00013011979131997078 5.747039134329416
133 798 1.1443500835232754 0 0.2250937468767974 0.00011221888708986909 5.73938847070455
134 804 1.20299666817352 0 0.21980089274830494 0.00010915333761914036 5.733833887010191
135 810 1.3413849142224383 0 0.21654352873419358 0.00021768501272824274 5.67578361302527
136 816 1.6664916928351214 0 0.21751365678444143 0.00010100823918003037 5.737205926993193
137 822 1.6386947751214356 0 0.22428072124383414 0.0001231016808284218 5.711442101178038
138 828 1.5537498719574503 0 0.2240436351668181 0.00010477971067094856 5.733038435031964
139 834 1.5327816284399256 0 0.22356769727233028 0.00017924457356532412 5.686542801764095
140 840 1.2580483663966768 0 0.22403522861050817 0.00014374980792698262 5.693910319898002
141 846 0.9683603829862297 0 0.22373095842555832 0.00010242172011589739 5.739220011309166
142 852 0.745280483071069 0 0.2210983798594505 0.00015574205205388055 5.694855131340882
143 858 0.566524645460853 0 0.2182021336495238 0.0001000568605960664 5.731493794539604
144 864 0.6815807956512565 0 0.21768086605207407 0.00012203624164558898 5.709562625981678
145 870 0.7576976839169275 0 0.21581385264840608 0.00012690144693188152 5.708593728117545
146 876 0.6632272329328494 0 0.22192130988694375 0.00011204834128517462 5.713758028514909
147 882 0.5358226666635109 0 0.21997105004924508 0.00012974108130253562 5.703988708635028
148 888 0.42619337972155497 0 0.22166328023306914 0.0001252284638466504 5.706186195754587
149 894 0.5076638398047963 0 0.21927869970509462 0.00013592766876908234 5.703903407103393
150 900 0.7289210694277559 0 0.22300296151764512 0.00013533844754671652 5.705991884432926
151 906 0.6683706803971827 0 0.22320722996336007 0.0001344398543688246 5.70449496463273
152 912 0.5973942295571795 0 0.21938042811206335 0.000124087875981395 5.7096010191624
153 918 0.5333467531189372 0 0.21848197002967434 0.0001097627361149249 5.716805404307764
154 924 0.4353227336369458 0 0.22138896390462492 0.00011310518476212 5.715224099231558
155 930 0.4174938836377675 0 0.22270329227181296 0.00011860867639730183 5.712955116223857
156 936 0.3250037456663348 0 0.22102286061368248 0.00011902176410173556 5.711619228357075
157 942 0.2864361192971325 0 0.22312825185882867 0.00011854267023699598 5.711487955715908
158 948 0.2489528500377907 0 0.22292318229878194 0.00011600600421055309 5.712594752983722
159 954 0.2818216805523104 0 0.21684310232041049 0.00011900947482608128 5.71103216636187
160 960 0.24610981917474237 0 0.21964665994877033 0.0001190142772054143 5.711247828937411
161 966 0.21019800982839773 0 0.22107292479758803 0.00012021557052277646 5.71119313433054
162 972 0.29659437401281163 0 0.2175203988637616 0.00012155944904701938 5.710854741951391
163 978 0.5113993652325889 0 0.2214767976108392 0.0001346717386167512 5.705806232895297
164 984 0.40414139326767373 0 0.22257894113458304 0.00011945387433150406 5.711386664408446
165 990 0.32518156815977317 0 0.2212950325505823 0.0001219933717121568 5.710013509012982
166 996 0.27727110415654393 0 0.220889090159782 0.00012937966480990534 5.707177562338043
167 1002 0.2857712187984114 0 0.2223681069952083 0.0001292207007423952 5.707116854992502
168 1008 0.2585518675062241 0 0.2231222375909132 0.0001311682516296019 5.706699177441353
169 1014 0.25810067985041946 0 0.21998328598738037 0.00013114812736804855 5.706685508046463
170 1020 0.3080472394609174 0 0.22149835806208515 0.0001287673581464364 5.7077263923010815
171 1026 0.2749779180553074 0 0.21940448101594923 0.0001276669704122858 5.708341594331319
172 1032 0.3920272508206064 0 0.22005994458521555 0.00013810932803970158 5.704681505657002
173 1038 0.35861641829189855 0 0.21975112622003515 0.0001314090569349479 5.707227088161973
174 1044 0.29347706216788966 0 0.21927438905770197 0.0001270184622500789 5.708638904258004
175 1050 0.2541017659881368 0 0.2197911976405185 0.00013012708715782453 5.707344414600641
176 1056 0.22223148818994617 0 0.2201134510850141 0.00013012406676474143 5.707374893998685
177 1062 0.17731548320273555 0 0.22658515323915096 0.0001289523221431402 5.707823874334787
178 1068 0.18020724615078243 0 0.22154235243722228 0.00012938271196965051 5.707541768699495
179 1074 0.1816668939827798 0 0.22077852717750324 0.00012904917290941314 5.707874494046859
180 1080 0.14205422071333387 0 0.22170360920013588 0.0001278663174420849 5.708132278995936
181 1086 0.13159586658759503 0 0.21930028256459377 0.0001282979000201243 5.70808236734511
182 1092 0.12614212639384817 0 0.22364639280085957 0.0001277565868703426 5.708187203160673
183 1098 0.11511428272537035 0 0.22614633771524315 0.00012885142954737703 5.707773632752936
184 1104 0.10318045407034294 0 0.22209202660146046 0.0001282615052497876 5.7079953059755475
185 1110 0.10116454703152446 0 0.22110325623919902 0.00012939021636522154 5.707596683489343
186 1116 0.0826298961873243 0 0.21792358029099418 0.00012945641473417898 5.707548239195312
187 1122 0.09815715799000183 0 0.2191997737546162 0.0001298418843318143 5.707384442613547
188 1128 0.08539251121033702 0 0.2218608805499654 0.00012848800419476667 5.707875178121837
189 1134 0.08607542972173914 0 0.22054784745437622 0.0001286126287595336 5.707828982104624
190 1140 0.10153040917915995 0 0.22364244238340464 0.00012805867894332708 5.708036431496598
191 1146 0.12034365988825728 0 0.21653579870993275 0.0001282460688505173 5.707922512357686
192 1152 0.13161744222091099 0 0.22098682653118518 0.00012828242640913382 5.7078937182618015
193 1158 0.17618061596979573 0 0.22310026614960013 0.00012741591473381674 5.7081924118091845
194 1164 0.15129365785372398 0 0.22245441878966615 0.00012896315745573953 5.707657697331895
195 1170 0.11710894003997376 0 0.22532731342822537 0.0001282760535598837 5.707889232927959
196 1176 0.13018448095900717 0 0.22263086956602512 0.0001285547380117752 5.707786567719
197 1182 0.11092626699535664 0 0.2219391634253055 0.00012854255473518017 5.707782352392727
198 1188 0.11556577191684132 0 0.21920326034203852 0.00012915706825823728 5.707571219571967
199 1194 0.0959666025520581 0 0.22257853196315724 0.0001285472034877514 5.707760810031921
200 1200 0.11110077228447054 0 0.21897938525015753 0.00012784195213666415 5.70805141217338
201 1206 0.08441028705798329 0 0.21950840167003424 0.00012813025276592555 5.707959172006312
202 1212 0.09712453810920313 0 0.22516431237396778 0.00012831739730029441 5.707895816453249
203 1218 0.07470516841555051 0 0.22472496858625574 0.00012852239479581442 5.707820341671956
204 1224 0.08113850540844675 0 0.22030345854020966 0.00012889135671424252 5.707682320953223
205 1230 0.07665239621373598 0 0.2206849003260153 0.00012881497849029513 5.707701228773486
206 1236 0.08315750536551653 0 0.22550190010436721 0.00012888509049891698 5.707696869242504
207 1242 0.08808419234895551 0 0.22395697017924587 0.00012909255445727868 5.707613368213218
208 1248 0.10563679051501504 0 0.22180837304485973 0.00012882714746761972 5.707736756435437
209 1254 0.13579463782325604 0 0.22271820748447374 0.00012938911843032974 5.707554894034684
210 1260 0.24532334046463675 0 0.22301079857856704 0.0001306144563138407 5.707122741670554
211 1266 0.2770720160264694 0 0.2232330323408399 0.00012961093681737427 5.707492898144951
212 1272 0.21137663183379596 0 0.22314748918544364 0.00012888028866266758 5.707731679858203
213 1278 0.19221017292288387 0 0.21996174989410922 0.00012899465828328666 5.707696837738627
214 1284 0.1598144406576666 0 0.2221479864463488 0.00012935825520102586 5.707582737963642
215 1290 0.1914511932289247 0 0.2180283193402115 0.000129780683458649 5.707428435507118
216 1296 0.23439570951449165 0 0.22765439677182064 0.00012920192462620713 5.707664449536236
217 1302 0.20422921044277254 0 0.2190274640281058 0.0001281607609370941 5.708037317233476
218 1308 0.16296527521957319 0 0.2205553075700908 0.00012932336499214023 5.707603475430421
219 1314 0.14063266568512897 0 0.2232788491009404 0.0001287169959970035 5.7078197196564915
220 1320 0.11165377821451893 0 0.22229185311209274 0.0001295530384987409 5.707561762207304
221 1326 0.10740827320662438 0 0.22042406894988012 0.00012928994871743265 5.707641433369716
222 1332 0.10532317504079643 0 0.21972802594200397 0.00012974553476245606 5.707490850166446
223 1338 0.10969006004605963 0 0.22479894463716663 0.0001295858963165165 5.707549379580088
224 1344 0.11966893761404328 0 0.22013394180473445 0.00012987587277654304 5.707456976734454
225 1350 0.08623118924662633 0 0.22068452483591405 0.00012981459832226043 5.707472031496774
226 1356 0.07119429034829444 0 0.22136231100727097 0.000129795873154403 5.707478084064167
227 1362 0.05911106957263403 0 0.2236783462790441 0.00012980732648692884 5.707473396366295
228 1368 0.04497213115147457 0 0.21940473732547353 0.00012974703888613855 5.707493661458828
229 1374 0.052438787253226 0 0.22456087115654033 0.00012991658582761176 5.707438652007237
230 1380 0.04200507244927268 0 0.2245351014020005 0.00012974316789007072 5.707493218496746
231 1386 0.04160383397887003 0 0.2208047804559019 0.00012984928529275345 5.707462562879879
232 1392 0.05345628860986714 0 0.2203163690016679 0.00012987018697455972 5.707453881207628
233 1398 0.062044564977639625 0 0.22115775164631987 0.00013001089090520465 5.707408038241428
234 1404 0.055861239345629955 0 0.2323966882498315 0.0001297451009714164 5.707495280736
235 1410 0.07317728490092089 0 0.22094220666315756 0.0001302459282714613 5.7073345366269
236 1416 0.08928177267279411 0 0.22250476826865012 0.00013041114206497627 5.707284380886366
237 1422 0.07337963943730846 0 0.22295370193771136 0.00013062598951596368 5.707215783829192
238 1428 0.05384367016158568 0 0.22207271080913682 0.00013017027549379212 5.707360358054727
239 1434 0.0416610831842985 0 0.2233910553476899 0.00013018948941537168 5.707355405605417
240 1440 0.03513513354229044 0 0.22381330659715692 0.00013019056325581525 5.707353874535042
241 1446 0.02512621581420362 0 0.22467919051769303 0.00013020939380887687 5.707348528209148
242 1452 0.02502695354091335 0 0.22320866465660735 0.00013016507258349684 5.707363161044617
243 1458 0.0254620880695543 0 0.223560884877966 0.00013019651541901905 5.707353108579692
244 1464 0.03279068093415216 0 0.22387359792649406 0.0001302236484607415 5.707345153914179
245 1470 0.03369031821436217 0 0.22253406904734344 0.00013017036108518818 5.707362601276952
246 1476 0.027141642186961707 0 0.2217958545064782 0.00013013200026062378 5.7073747737798115
247 1482 0.021810224458259843 0 0.2235417223264479 0.00013017432096707328 5.707360867327327
248 1488 0.024211487085094106 0 0.22298749395245204 0.0001302075768466669 5.707349211859146
249 1494 0.021904040259729432 0 0.22099715971192488 0.00013017311373263076 5.707360693184429
250 1500 0.017151274735531217 0 0.22524998200723415 0.00013017616471562972 5.707359734762337
251 1506 0.016370351015040974 0 0.22354527408373842 0.0001301403862335999 5.707371557034573
252 1512 0.013966049179438793 0 0.21776511393658352 0.00013016570420931305 5.707363157272979
253 1518 0.019022449427910367 0 0.22391651897020343 0.00013019859902815031 5.70735261586307
254 1524 0.025786812041047227 0 0.21869013465876552 0.00013021876014963161 5.707346124515743
255 1530 0.03028380414888662 0 0.22174526723592508 0.0001302183570623408 5.7073462018288375
256 1536 0.02940593288943748 0 0.22696251483845306 0.00013015598046397123 5.707366604815471
257 1542 0.029526120652420242 0 0.22238195962668994 0.00013015729152001908 5.707366432849589
258 1548 0.024488003306985657 0 0.22259444627057545 0.00013016690846599647 5.707362841567275
259 1554 0.023769297280130625 0 0.21674017576042426 0.00013021752764611454 5.707346577710289
260 1560 0.03526394011581631 0 0.2259278381268801 0.00013021790442546545 5.707346116176925
261 1566 0.036908693710368284 0 0.21881759858917102 0.00013010252149554463 5.7073840846031105
262 1572 0.031914353405741315 0 0.2216248187156616 0.00013024419940216338 5.707337519273764
263 1578 0.029317645634766732 0 0.22154073222589446 0.00013018678867608697 5.707356027287237
264 1584 0.03128035749445034 0 0.22468397317513406 0.00013012797632089133 5.70737542919074
265 1590 0.02669481647501741 0 0.22206829755914498 0.00013020529368451097 5.707350054846206
266 1596 0.02689074055260474 0 0.22573501916956742 0.0001301956971596052 5.707353342511188
267 1602 0.027128716203948747 0 0.22193211163299234 0.00013022312253250696 5.7073442760128374
268 1608 0.02203038255710822 0 0.21820091821605575 0.00013022365263557119 5.7073441617388365
269 1614 0.023380434890194368 0 0.2199154980663947 0.0001301996177557832 5.7073520727317275
270 1620 0.02558414273516436 0 0.2216162654119534 0.00013021255033452404 5.7073478960016875
271 1626 0.02138043112458902 0 0.22491125836959847 0.00013021210747900407 5.7073480456425125
272 1632 0.025264001164480437 0 0.2221772960490968 0.00013016774249856994 5.7073625536923185
273 1638 0.03184461451845959 0 0.22315657829547653 0.00013017246633565215 5.707361051745038
274 1644 0.03504090274438888 0 0.2227455336777432 0.00013024623594341749 5.707336967744418
275 1650 0.03857152007382804 0 0.22255538097487423 0.00013027220949381245 5.707328507485345
276 1656 0.0469979948153439 0 0.21917423359932703 0.00013018824523281425 5.70735623342321
277 1662 0.047297428545937624 0 0.22099591186955056 0.0001301790206982498 5.707359194150747
278 1668 0.044249379886019576 0 0.22759100279794442 0.0001302697402671703 5.707329565842182
279 1674 0.03208148963390963 0 0.22010511093578247 0.0001302659165240605 5.707330630254299
280 1680 0.026296636151776912 0 0.21775612399969016 0.00013023539909927005 5.707340766521994
281 1686 0.02970642009207986 0 0.21916393500293863 0.0001302614843690776 5.707332009160632
282 1692 0.04010693145425577 0 0.21918618727263556 0.00013029663459861014 5.707320365255015
283 1698 0.03958510871660817 0 0.22395852989479004 0.00013021934606696875 5.707346258942129
284 1704 0.04064923948140783 0 0.22190599904434377 0.00013021702763666912 5.707346679727299
285 1710 0.029178581908412677 0 0.22304457887709556 0.00013020923985088275 5.707349435216989
286 1716 0.03590827494942749 0 0.22253840649599926 0.00013025899358099465 5.707333017514235
287 1722 0.030056416644598065 0 0.22412707586831157 0.0001302498306999779 5.7073360810563525
288 1728 0.023792381347505415 0 0.22098162037707408 0.00013026607198847725 5.707330671271766
289 1734 0.020945803660756487 0 0.22707727486405713 0.0001302539921458172 5.707334664487721
290 1740 0.025375320191382167 0 0.2223730811405875 0.00013031284555271053 5.707315248564162
291 1746 0.025777802117599877 0 0.22027002074917135 0.0001303098112607366 5.707316263727918
292 1752 0.024701785807454735 0 0.21545660649573542 0.00013032504299909526 5.707311284014403
293 1758 0.02263963736727527 0 0.2241209586741238 0.00013033591706343163 5.707307663193033
294 1764 0.030944272082913782 0 0.21826796213858982 0.00013038088711829197 5.707292918312186
295 1770 0.05353030149918227 0 0.22318912859932677 0.00013050495074944769 5.707252149380055
296 1776 0.07576107098078842 0 0.22401270184745387 0.00013054298718791988 5.707239688579128
297 1782 0.14448355222891837 0 0.22482855975364788 0.00013086906650622222 5.707132992089252
298 1788 0.19959534203342713 0 0.22282112793716286 0.0001304946949935144 5.707255285587129
299 1794 0.1545110639366139 0 0.21997004551694643 0.00013091527317797726 5.7071179121850015
300 1800 0.14629459987411972 0 0.21955986641044173 0.00013132574604898247 5.7069844832043195
301 1806 0.14110787071999603 0 0.21860807958709555 0.00013116771742559605 5.707035736637235
302 1812 0.1561276167408858 0 0.2202501874195451 0.00013120979416917478 5.707021986875593
303 1818 0.14099487895044782 0 0.2223015209386084 0.00013146126561648148 5.706940525454342
304 1824 0.1300150462545759 0 0.2261888099261296 0.00013137287705217027 5.7069691984754085
305 1830 0.11820299879042075 0 0.21983191500973964 0.00013134744114653039 5.70697743209346
306 1836 0.1275322638459327 0 0.22112616914823358 0.00013090864095140347 5.707119995928125
307 1842 0.13671840459796342 0 0.2208023376223357 0.0001309752660406941 5.707098367158562
308 1848 0.2297277261447509 0 0.22233085802091096 0.00013112430363304995 5.707050047803884
309 1854 0.20388857450958967 0 0.22198889524254367 0.00013076926706907089 5.707165491800547
310 1860 0.18797585039426273 0 0.21761491244790676 0.00013044272819280107 5.707272391591255
311 1866 0.13969847591452245 0 0.2239810570592004 0.00013104914395946896 5.707074274733534
312 1872 0.15934137769246887 0 0.22181391089285163 0.00013123178062749544 5.707015058645431
313 1878 0.1725869067048199 0 0.21981753324229072 0.00013141972294083753 5.706954237033942
314 1884 0.1703696035978701 0 0.22299705201507852 0.0001313891916463896 5.7069640115137155
315 1890 0.14814059318393433 0 0.22195053221671424 0.00013148818140053787 5.706932121147842
316 1896 0.16522137331045628 0 0.22309465467145845 0.0001312449063187092 5.707010872624456
317 1902 0.14746829667138292 0 0.2222845251007311 0.00013128449625382524 5.706997954154555
318 1908 0.15014802299796032 0 0.22346833656625903 0.0001316318896484629 5.706885808024719
319 1914 0.14283403474061918 0 0.2221312095487731 0.00013164773834403935 5.706880678921086
320 1920 0.14071481720876294 0 0.2196596348982821 0.00013168263147514435 5.706869420724621
321 1926 0.13148520429310578 0 0.22220376209427217 0.00013173138717822834 5.706853799105981
322 1932 0.1252704459606758 0 0.2210294178734114 0.0001315555744676205 5.706910401504976
323 1938 0.1702249895828074 0 0.2224915477474278 0.0001316856266721883 5.706868560578958
324 1944 0.14577523991245642 0 0.21893526717901685 0.00013160524245717106 5.70689436576682
325 1950 0.14274364089664265 0 0.22295418176208476 0.00013179315545063777 5.706834017027687
326 1956 0.11396521299032168 0 0.22063081184968036 0.00013189995874269894 5.706799783013784
327 1962 0.1082391036641887 0 0.2190661919685603 0.00013186119635184038 5.7068121543091745
328 1968 0.15568713809684978 0 0.2198702622123152 0.00013155621672417275 5.706910203022047
329 1974 0.20257700525213831 0 0.2191727663303455 0.00013125498644352701 5.707007411980123
330 1980 0.21393721811873784 0 0.2214969418810905 0.00013117353975154007 5.707033853587421
331 1986 0.22192319967562268 0 0.22312027852912802 0.00013149875997513303 5.706928747234567
332 1992 0.18635805723205917 0 0.21750805214730085 0.00013127284044621418 5.7070016735704705
333 1998 0.14493138826358362 0 0.22111061633388568 0.00013153972834758205 5.706915519657337
334 2004 0.10514311747308386 0 0.22075066532529808 0.0001312161411481757 5.707020034326161
335 2010 0.08588314947948318 0 0.22223062779948796 0.00013126137373842446 5.70700540604709
336 2016 0.07735076528026165 0 0.21809383148971911 0.00013124889100946823 5.70700944905213
337 2022 0.08134194262439186 0 0.22177666299927354 0.00013120481651730624 5.707023723237943
338 2028 0.12139893357960246 0 0.22295803039597806 0.000131054804041948 5.707072350694214
339 2034 0.10496819012750669 0 0.2231811497495125 0.00013132521206944803 5.706984756833608
340 2040 0.10016010148575771 0 0.22310889612085716 0.0001311370336482704 5.707045668037498
341 2046 0.07366228300300283 0 0.2173980365577588 0.0001312174465176163 5.707019624867351
342 2052 0.06677548924361787 0 0.22171186936634368 0.00013117655570696785 5.707032862958348
343 2058 0.054685850082806686 0 0.22760573389048772 0.00013117644728388475 5.707032896511977
344 2064 0.05833030825185795 0 0.22555318944395583 0.00013118295446109713 5.707030784179557
345 2070 0.07979464702873397 0 0.21947421438102066 0.00013109681227088194 5.707058708834879
346 2076 0.06981696722458482 0 0.22493298537047662 0.0001311384406331444 5.707045210769952
347 2082 0.07924723438770483 0 0.22352073900775443 0.00013102008539338003 5.7070836169772505
348 2088 0.0910836498744386 0 0.2216839336979472 0.00013102003702442398 5.707083630987487
349 2094 0.1029324102593959 0 0.22205593772943388 0.00013092740251601317 5.707113732366188
350 2100 0.12857591682302377 0 0.2229612568341336 0.00013085788860169002 5.707136348779295
351 2106 0.13286455901274016 0 0.21655910026059824 0.00013079048060313876 5.707158318257688
352 2112 0.10170095938057803 0 0.22211808564563598 0.0001308873047649462 5.707126787097485
353 2118 0.0764767845802329 0 0.22413593088265116 0.00013088670356318266 5.7071269761695635
354 2124 0.06834137332989372 0 0.22170987965078173 0.00013085524992918245 5.707137215504006
355 2130 0.06572072894461181 0 0.2226787647001805 0.00013083564614628767 5.7071436004972345
356 2136 0.07121519242320772 0 0.2195370486202794 0.00013082913817532617 5.707145720713319
357 2142 0.05380294499403835 0 0.2252734699329874 0.00013085758041088606 5.707136459766784
358 2148 0.043685031984228795 0 0.22577652841382995 0.00013082590044529905 5.70714677615936
359 2154 0.04324900492270611 0 0.22475306477990137 0.0001308589376339147 5.70713601582582
360 2160 0.042510502637223876 0 0.2228564292490551 0.00013079949003703338 5.707155380506642
361 2166 0.03508300670410877 0 0.2215871559419965 0.0001308207752179237 5.707148444376419
362 2172 0.03294808593084762 0 0.22554882976605203 0.00013081227683279102 5.7071512130163145
363 2178 0.03328004856055014 0 0.22279738209673455 0.00013080459188921393 5.707153717428659
364 2184 0.0284699985254918 0 0.2208235580305491 0.0001308019316450294 5.707154584216357
365 2190 0.03826049389711747 0 0.22132213653669613 0.0001308477411961004 5.707139660632271
366 2196 0.06979776275851901 0 0.22204727057801185 0.00013083177496566207 5.70714485975096
367 2202 0.1123550068619349 0 0.22599577936374654 0.00013083215106861348 5.707144736112417
368 2208 0.15035541103775166 0 0.22387919997780414 0.00013073475567948424 5.707176483158759
369 2214 0.1306764828597686 0 0.22577389408154672 0.00013078749352214234 5.7071592872495005
370 2220 0.1064578969727748 0 0.22056832858355585 0.0001307887884803033 5.707158865133866
371 2226 0.09582864851024944 0 0.2187387444682679 0.0001307769302238645 5.707162731861073
372 2232 0.10626026889762102 0 0.22413140125032574 0.00013071084269591189 5.707184285864774
373 2238 0.13350464143783766 0 0.22111847344705676 0.00013066303231551544 5.707199895554737
374 2244 0.12857139342264484 0 0.22288495274433034 0.0001305947701066355 5.707222201288977
375 2250 0.10841414782165694 0 0.223369757413933 0.0001306979261618558 5.707188502767104
376 2256 0.09420771025554113 0 0.22020078170618806 0.00013065104602844431 5.707203810593856
377 2262 0.11075870068439073 0 0.22710465898767035 0.00013065317687980778 5.707203113159088
378 2268 0.10820894617656451 0 0.2190881486082322 0.00013058094011025035 5.707226723229795
379 2274 0.11733471143049604 0 0.22491640832043788 0.00013051447432788313 5.707248470803767
380 2280 0.10825264659586033 0 0.22459452815660275 0.00013061363975586573 5.707216032181424
381 2286 0.0829656531485747 0 0.2217115864056836 0.000130584315429364 5.707225619422618
382 2292 0.06144232276166511 0 0.21949633527578694 0.000130588181064643 5.70722435516832
383 2298 0.06894846749302318 0 0.222897622928478 0.00013061470963647258 5.707215682013253
384 2304 0.0630202252930828 0 0.21794709099217172 0.00013057916238820146 5.7072273048855475
385 2310 0.07590408594788392 0 0.21767428477800263 0.00013061451488505853 5.70721574692558
386 2316 0.0681291761884215 0 0.22244473962971567 0.0001306285769841008 5.70721115077508
387 2322 0.08970694619759961 0 0.22473098914404085 0.00013062192961805182 5.7072133239635
388 2328 0.08656009996197206 0 0.22274338272271219 0.00013056961763338953 5.707230426242288
389 2334 0.11243905132547725 0 0.22272955252737042 0.00013052261062936678 5.707245806487748
390 2340 0.15066514711791087 0 0.22200992373323694 0.00013052606553270597 5.7072446749545485
391 2346 0.16116023757742054 0 0.22423460501455839 0.00013068633672538317 5.70719228535515
392 2352 0.16594031783838953 0 0.22093141319534673 0.00013073947837749945 5.707174944075216
393 2358 0.16446163225001773 0 0.21845432078266225 0.00013060159375380542 5.707219971435411
394 2364 0.12109945326956383 0 0.22282396602763513 0.0001306102825477819 5.707217130336337
395 2370 0.11662344827400103 0 0.21929706246932165 0.00013058407848779547 5.707225696588841
396 2376 0.13138094458275174 0 0.22338990586487054 0.00013061611218276173 5.7072152254497635
397 2382 0.19302452216298566 0 0.2220665311796419 0.00013065143015470924 5.707203686577171
398 2388 0.2393898800143171 0 0.22109953351156403 0.00013044316630301647 5.707271826985198
399 2394 0.2084338082180887 0 0.21869726089799413 0.00013058616673459675 5.70722501475546
400 2400 0.19746414670952234 0 0.22031742943445506 0.00013066909097818915 5.707197917200871
401 2406 0.23073329884246743 0 0.21735907207403693 0.00013074142064490956 5.707174312375023
402 2412 0.19947546576786923 0 0.22119347178903603 0.00013067618010840495 5.707195601596685
403 2418 0.20906124870033008 0 0.22240487165155393 0.00013060460284356184 5.707218987307763
404 2424 0.20810969258043174 0 0.2212199002280111 0.00013071526384910058 5.7071828453105615
405 2430 0.21843308286688004 0 0.22398283796426866 0.00013072596835701506 5.707179351959962
406 2436 0.23516655884538354 0 0.22085213560435313 0.00013046501257462712 5.707264669045129
407 2442 0.2146151032329391 0 0.2192324039584757 0.00013059894591701035 5.707220837370885
408 2448 0.24158835207494525 0 0.22177801700698507 0.0001304812982420411 5.707259333429189
409 2454 0.2791873748420949 0 0.22258900003339005 0.000130262730238715 5.7073310457876785
410 2460 0.21428278573789772 0 0.22266771739373373 0.00013054439985726377 5.707238676730499
411 2466 0.19027805688880384 0 0.22244228770165736 0.00013018280966968908 5.707357328614762
412 2472 0.21412018142131414 0 0.2207331409896114 0.00013022750838624067 5.7073426238876035
413 2478 0.2728188559520862 0 0.2214565359265353 0.00013003339725498771 5.707406557741454
414 2484 0.26455723408238513 0 0.22424419758728714 0.0001305120048149352 5.707249278771127
415 2490 0.2687055827494876 0 0.2203926418137891 0.00013030666345573646 5.70731660946653
416 2496 0.345540402740927 0 0.22253949760707087 0.00013060137602733592 5.707220040909079
417 2502 0.3571904101548015 0 0.22471935400538778 0.00013075331538659336 5.707170430941401
418 2508 0.425032737634173 0 0.21949282297897327 0.00013125318618680866 5.707008044875522
419 2514 0.3145397479084177 0 0.2238870438251535 0.00013097608543242027 5.707097906649896
420 2520 0.36378409335246553 0 0.22441532285053523 0.00013038395589468462 5.707291240707477
421 2526 0.40582698451054555 0 0.22414040191146384 0.000130538438309057 5.707240626862922
422 2532 0.4519020185521403 0 0.2215610273755873 0.00013052390451407487 5.707245385665381
423 2538 0.4196240654854205 0 0.2203227456879872 0.00013042321846229847 5.707278365997302
424 2544 0.4738772622333248 0 0.22145467651350637 0.00013055379898451036 5.707235600404466
425 2550 0.4419573984039928 0 0.2182702349325894 0.0001302974707662967 5.707319630555113
426 2556 0.34818583744415715 0 0.21854582569375222 0.00013064118845435328 5.70720703236492
427 2562 0.27045343079986217 0 0.2237942805526973 0.00013046489433466644 5.707264707715409
428 2568 0.28640729855024566 0 0.22022366216835054 0.00013042112313873307 5.707279053035787
429 2574 0.28760401348028897 0 0.22035404532923467 0.00013035740548698315 5.70729995304651
430 2580 0.22858238566815392 0 0.220925109694384 0.00013034002625415708 5.707305656729704
431 2586 0.2482340581465797 0 0.21975111075180703 0.00013038999175132512 5.707289262178632
432 2592 0.21317451273271473 0 0.22125355438780225 0.0001304136086825641 5.70728151747962
433 2598 0.31424813638298066 0 0.22059985308793134 0.00013049149880737783 5.707255995129713
434 2604 0.3083601175732815 0 0.22522016816459284 0.00013044124089488406 5.707272459602972
435 2610 0.23772152194555782 0 0.22267587643332915 0.00013046029196769288 5.7072662169821315
436 2616 0.23135946687195252 0 0.21864770693390942 0.00013040564024380678 5.707284130922421
437 2622 0.2263549460251546 0 0.22562326366188035 0.0001302992684046008 5.707319041859606
438 2628 0.2296748218026816 0 0.2181120438319652 0.00013048893343220528 5.707256835302576
439 2634 0.1933597084718467 0 0.22209965446801638 0.00013038761423101724 5.707290042493391
440 2640 0.20696317771213313 0 0.22067621318613986 0.0001302862060852452 5.707323332512058
441 2646 0.2687066635434477 0 0.22232774015428897 0.00013032625839394776 5.707310177644946
442 2652 0.22922846211467116 0 0.2215399973124246 0.00013042712865412846 5.707277085109604
443 2658 0.24489206799138755 0 0.22295738781314273 0.00013047318884109604 5.707261991978882
444 2664 0.228671521680396 0 0.22793763340590162 0.00013043610581188334 5.707274142913715
445 2670 0.23823083107205842 0 0.22186378167284665 0.00013040773760406707 5.707283442796872
446 2676 0.23831395479229608 0 0.22206733792891373 0.00013037172064031584 5.707295256683365
447 2682 0.2493992342460093 0 0.22094670954079543 0.0001303120267702713 5.707314850979889
448 2688 0.223552739322096 0 0.22128095000176295 0.00013030280968210722 5.707317878150964
449 2694 0.2165230539499929 0 0.22332042580974765 0.00013037074924210546 5.707295575017102
450 2700 0.19340482260052716 0 0.22223606725199346 0.00013022958708547793 5.7073419427535
451 2706 0.1962569272296989 0 0.22236573772998144 0.0001302211683455047 5.707344711257933
452 2712 0.1852655073966111 0 0.2184641068009788 0.00013034920689520562 5.707302644421546
453 2718 0.18689408695076884 0 0.22110785040340655 0.00013032779159681166 5.707309674514329
454 2724 0.18310092230971498 0 0.22133849738342237 0.00013014737516816287 5.707368994886693
455 2730 0.2077500867602308 0 0.21904200314709332 0.0001303697435000087 5.70729590504616
456 2736 0.17460597673674108 0 0.22321602243602898 0.00013030750440763252 5.707316336189223
457 2742 0.1383888604424771 0 0.22024411181596865 0.0001303001390471051 5.707318755348484
458 2748 0.17295837581264129 0 0.22064225114999308 0.00013037653041557496 5.70729367831626
459 2754 0.17036888030953734 0 0.218531825946311 0.00013030436639780544 5.707317366786229
460 2760 0.19386182048199957 0 0.21776137397515224 0.00013017979991025567 5.7073583209639
461 2766 0.24918635185032292 0 0.22023960686092978 0.00013021164253179448 5.707347844147565
462 2772 0.27387661743728775 0 0.22195273524326442 0.00013008094990968135 5.707390878392164
463 2778 0.37091789584757706 0 0.22540844371538632 0.00012992126652889698 5.707443581355493
464 2784 0.4843663224421124 0 0.22342002902550756 0.00012999150526125475 5.707420382454502
465 2790 0.4033557667345045 0 0.21935821828545216 0.0001298573364438394 5.707464719313374
466 2796 0.46166511767259333 0 0.21951937616490547 0.00012961045596105337 5.707546554505287
467 2802 0.4147065930945786 0 0.21819541868089024 0.0001301047997046293 5.707383018306998
468 2808 0.37615587094344327 0 0.22107706684912096 0.00012974350640985088 5.707502410478526
469 2814 0.30835900086406925 0 0.22007298143122708 0.00012988816505758762 5.707454523303186
470 2820 0.3323992845767593 0 0.22223868524573012 0.00012980609930055207 5.707481676270919
471 2826 0.37097121269624345 0 0.2243471108593982 0.0001299564496157104 5.707431957623191
472 2832 0.4468939371567741 0 0.21771485869808727 0.00013018274573155632 5.707357351455062
473 2838 0.4642990787285301 0 0.21878603138973662 0.00013019796432856072 5.707352343782379
474 2844 0.5001997827263942 0 0.21664472967744974 0.0001303393785425719 5.707305870234936
475 2850 0.4344239360818673 0 0.22311608244903772 0.00013037538085921245 5.707294055291778
476 2856 0.35264494922756356 0 0.223173492095534 0.00013059372224091597 5.707222546627316
477 2862 0.3551915472072881 0 0.22265318539143436 0.00013062573801101186 5.707212081923977
478 2868 0.341943796596647 0 0.219916951928708 0.00013049301364978313 5.707255498814709
479 2874 0.3212315673697174 0 0.22401726022861945 0.00013054576590663486 5.7072382315338155
480 2880 0.24578461113234526 0 0.2217890187552584 0.0001306251770184311 5.707212265259707
481 2886 0.2121894890363803 0 0.21757728958925088 0.00013073065145307707 5.707177826820371
482 2892 0.19303816062737236 0 0.22380861477482605 0.00013063734747749355 5.707208288540462
483 2898 0.24933579065900033 0 0.22109993020693813 0.00013074013807728817 5.7071747321264255
484 2904 0.20908552694413407 0 0.21982579739033312 0.0001306056003946112 5.707218663494029
485 2910 0.19143344401285858 0 0.22560904747842928 0.00013068069849360228 5.707194129800474
486 2916 0.1497330885527228 0 0.22589103139714695 0.00013063605563273136 5.707208710607949
487 2922 0.17580633215877098 0 0.22129957248537951 0.00013066203043640362 5.707200225746822
488 2928 0.25121203550411164 0 0.22453094027470122 0.00013063381492826724 5.707209442754975
489 2934 0.21223535889869805 0 0.22440853936759153 0.00013062703700146984 5.707211657443945
490 2940 0.16544295965470435 0 0.22704827678998435 0.0001306442744319263 5.707206025506099
491 2946 0.14252120010556268 0 0.22016980556127058 0.00013064053004230997 5.707207248777508
492 2952 0.12148250099484308 0 0.22580711016261762 0.00013063477469150574 5.707209129137798
493 2958 0.13222431582049035 0 0.22059505643148147 0.00013064855806883306 5.707204626159815
494 2964 0.1640022405710626 0 0.22647710684709374 0.00013066089076189973 5.707200597933324
495 2970 0.2572769960714888 0 0.22358455030492497 0.00013068431465288906 5.707192949144341
496 2976 0.2659279600738187 0 0.22159155944410835 0.00013067777936644838 5.707195082869744
497 2982 0.23008487158137778 0 0.21901874872609048 0.00013064893170388847 5.707204504108772
498 2988 0.2107454820165955 0 0.22003735017634043 0.00013066391199742847 5.7071996112480905
499 2994 0.2055185497448418 0 0.2233823046331238 0.00013063443746085283 5.707209239325978
500 3000 0.3158961595905899 0 0.22382300112832976 0.00013060210836138931 5.707219805013463
501 3006 0.28905757898391066 0 0.22479412371078195 0.00013060067751763464 5.707220272789365
502 3012 0.23738214744029765 0 0.22309839375820018 0.00013059867325584747 5.707220928013441
503 3018 0.2562832067164499 0 0.2205294374978526 0.00013059470843778184 5.707222224208679
504 3024 0.2558333143152388 0 0.22002916549338314 0.00013055528676524707 5.707235116713397
505 3030 0.27246217741427803 0 0.22164893103471242 0.00013055403661460516 5.707235525701318
506 3036 0.22260879287929627 0 0.22015212913775623 0.00013052936538361125 5.707243598441256
507 3042 0.1889433678078474 0 0.22215730734876216 0.00013055095530992278 5.707236533780393
508 3048 0.1845279412459376 0 0.22162046662483817 0.00013057626091348115 5.707228256310664
509 3054 0.20227901710742102 0 0.22385313824630665 0.00013057068069525146 5.70723008131859
510 3060 0.20481712235221966 0 0.21855481173654928 0.00013056849738868155 5.707230795419509
510 3060 0.20481712235221966 0 0.21855481173654928 0.00013056849738868155 5.707230795419509
